993 992
723 35 123408079
201 626 956061346
267 971 1645570635
282 725 1244531412
709 391 1383728281
950 159 424664151
382 236 349218362
895 508 433538206
233 804 575492263
824 222 312524229
955 866 1917723819
833 100 201503380
228 625 845637989
832 269 1962938018
505 80 948702071
946 870 1176049361
777 45 259819577
649 23 1452206378
172 735 2073530070
96 153 865300142
498 575 765278380
426 789 1971764564
117 182 507099382
808 350 306505940
803 896 193896262
507 616 967046648
617 670 953746755
136 470 66959845
813 491 1249672739
264 296 1767635503
119 887 1631760519
492 711 1674794113
815 534 2093329599
568 268 950794910
623 341 647323099
134 863 1694824800
981 195 1744582047
588 444 1573764667
171 473 741364183
295 224 1534229592
356 297 2057100701
711 695 1054279932
764 632 112255791
6 475 1109954368
394 313 27788574
194 138 639982877
850 971 1057168158
98 847 2028696333
769 514 219133536
673 761 1300885034
394 533 1015377609
500 374 1790284314
311 402 1994805724
70 669 1448502657
477 364 1100903442
614 597 1748137754
612 273 794066060
328 881 1216995226
944 140 2127781666
583 687 372065911
567 364 1818075282
918 207 562893607
991 700 160862358
174 635 593630087
745 251 250860046
464 308 793833868
70 336 888143923
646 4 1318816645
251 318 756360924
738 94 1521220518
224 911 43548975
694 469 456104332
898 153 2060813545
989 506 11900625
502 215 1278140252
274 312 968969022
553 740 456021385
599 224 559549266
853 594 1925413351
887 565 674192151
291 106 1090884067
451 198 717755104
382 635 1032618203
504 397 1981421091
453 646 1758526806
443 822 789289472
697 465 460114628
343 321 1390369423
516 374 1910188522
858 226 1584647827
696 809 2095251449
352 615 29616970
216 517 1341606166
939 93 851429160
37 531 1018929384
399 535 252510000
306 721 2132786403
441 413 2013657943
202 569 1022462989
128 897 321624177
266 344 1566175684
940 349 886802433
758 62 113359247
359 76 262179466
818 750 1341057597
544 92 1527878239
893 978 1555586717
898 190 2137000262
861 76 1083259073
157 596 640547941
656 703 1546908912
772 980 1500753020
403 645 1380825546
839 786 629484429
207 329 2031544025
104 245 823746188
747 310 843190131
887 590 1028915733
714 219 1006356418
394 256 1615229379
738 712 1905271316
763 403 1371930965
73 608 140428517
159 686 1976213026
616 910 1010020061
794 336 1259812092
773 935 122317836
979 19 667324620
130 532 1388367771
84 581 421358874
881 249 1451462710
387 274 1200677415
663 678 2096229768
953 786 851656127
626 982 355302655
295 168 297850282
478 205 1407613613
718 704 200487940
345 653 1218237932
342 767 2116358225
77 793 1658283696
529 335 1272135248
470 944 563361738
248 280 1267129549
991 473 571619427
530 757 1467575981
229 535 331440520
507 653 123460945
798 575 1951385206
464 109 1734329008
391 447 693420640
514 90 1458151929
791 913 2004050219
88 167 279750593
925 615 199887115
36 108 710458105
594 662 1626892287
298 801 1216550888
685 698 1713470327
990 718 1426310579
501 45 452936785
197 952 1295946150
389 377 865030936
560 684 108411686
934 368 630162953
318 153 405366953
689 739 1302919603
670 367 1528882880
330 900 1154283976
933 390 767231312
986 165 1893764982
728 23 401244701
878 256 245446126
720 532 520747796
503 205 1026861595
807 355 1971485384
382 782 494075199
968 432 1120503470
554 805 1298188489
520 864 238222273
376 449 1176016866
633 58 466367915
270 843 379995128
720 718 1302732356
239 243 651884865
294 642 1664208773
72 786 1836343365
991 132 445379898
135 464 374891043
776 440 1960826719
33 572 1245461175
408 986 1736476703
705 70 1865739531
624 454 70999337
543 328 2092067513
770 949 400171762
929 668 1183111137
464 402 268267099
147 241 1917372942
953 785 636691698
916 797 109421959
671 646 1872436860
51 930 2064522421
453 177 1774565680
245 687 343485854
156 524 2127739593
570 583 1882506706
723 571 890071025
987 120 321744662
164 328 1267969458
463 653 1869285822
198 774 1246699871
488 901 255298384
781 560 1024572992
92 811 1870050763
552 360 568328379
780 873 729690506
234 403 840374252
978 373 1481099648
583 179 1907734246
516 748 1886616200
245 542 709167389
158 532 441284076
29 660 2104680548
367 987 476550698
870 101 617477498
368 1 527929790
715 764 1625865931
452 570 520901418
869 510 1073775158
89 609 1867079066
947 169 523439679
871 616 612903494
476 267 219436148
38 846 67122419
610 710 73499377
387 238 1915073866
347 233 466727175
193 374 1802489244
394 992 1061220549
988 206 420057424
594 133 728822459
50 86 367443396
24 459 2077707851
880 532 1067677356
912 986 520873723
373 734 1489835909
950 143 652030749
267 706 1146824012
774 744 291315949
40 563 1597008567
456 39 1769526014
968 957 928873386
598 274 143789095
647 851 293593328
900 877 1424025591
112 824 1428584721
748 121 1679817456
241 813 685142497
303 346 1401805503
62 851 1317082208
226 753 499981086
496 694 1951339809
588 967 717508506
688 459 1986993228
668 832 961911281
499 710 1309405947
177 819 644782983
905 432 533015485
811 5 1784566882
12 509 268526339
438 906 464651293
347 438 80278786
791 890 1252725626
671 665 147686583
381 553 1675946165
558 556 2103633801
919 648 717834567
96 974 1294734977
404 707 1276658094
18 396 332623325
328 665 1670657588
728 627 1152820216
59 164 523000234
694 897 592971829
483 875 1417251618
948 623 1609275561
370 500 392901165
553 402 1968430302
321 443 686073139
457 101 513671975
566 858 999722427
472 245 1501911546
611 581 715312170
501 926 1401052618
263 806 249592372
434 73 1051895252
465 198 544758233
65 191 1298111056
68 562 504961518
431 304 575151333
148 826 713398723
618 942 1799752093
903 928 1338800561
611 353 896092078
156 793 606867797
498 807 796492794
845 573 875049023
766 641 1066924487
865 552 954798020
522 164 1279856083
48 868 1771294671
934 842 759258947
913 161 711247013
282 48 1236877641
735 59 381308578
695 473 2048254895
592 512 466058100
169 150 1363648320
336 619 1771599205
125 195 428489945
553 116 176757572
224 117 1850091583
53 237 1333806009
48 388 1430518536
391 628 2024794782
131 543 747179879
418 691 439987076
948 728 98274840
582 185 1173054242
421 303 988320237
898 314 668604966
2 849 1086108564
426 683 673316893
396 594 1483958252
772 747 1826453020
317 78 1618487413
556 961 1209084155
640 657 1797099356
222 427 157209520
216 132 1374573224
356 9 1474357839
184 553 492947085
886 558 859126628
220 547 1103151120
321 799 1673359108
722 625 1827177041
98 22 2022166851
367 20 1613268384
792 429 1085461262
600 871 288089511
296 553 1372018291
17 296 1742915020
75 610 1938209921
366 676 1625754539
394 788 983777931
720 829 1301048792
472 690 1267790466
594 66 1463173010
197 805 1149496803
466 487 1052567862
383 401 305618246
518 611 1059529014
838 71 733710113
49 391 1662059032
296 905 1293295000
374 274 135684430
212 106 1361629976
805 8 1605267161
509 657 907132964
829 85 2040240814
444 515 1479813868
333 414 1145463607
359 784 235214059
604 377 737494937
354 977 439061536
654 703 555272788
732 857 802733447
284 472 173082609
454 425 1481398340
881 493 2008492356
910 605 416672568
799 291 2024692257
316 775 777565467
850 141 1498367792
424 310 2020937773
371 332 528046825
292 332 1444373091
469 538 1307876246
622 728 17125456
299 161 437749098
200 486 360021848
129 40 682270264
358 616 1777402766
988 799 2087208034
259 501 1506988782
367 198 1818044946
337 3 78410465
531 313 205910414
361 455 2037958703
311 546 50617801
747 653 132801923
67 775 1920784659
372 303 1673337858
175 834 1804413613
372 708 82879554
754 280 840998334
525 783 433542063
703 879 546068202
963 982 1054409563
156 347 977853033
672 875 11518607
833 241 878575360
638 343 1493732460
398 31 997144405
915 701 1385638213
285 987 2042582590
152 671 1229356358
327 783 1346530273
470 188 467236347
426 402 886761428
332 530 1807371514
607 200 1413803315
943 420 2038239598
446 60 712473811
317 61 1741082841
247 848 1722765119
463 272 475675965
930 302 251970977
862 798 1063879244
222 648 372508534
823 886 277545644
353 321 992284719
253 300 195428055
284 183 1591929792
925 71 29053397
484 145 310123679
437 432 1943497175
908 622 1815192327
394 825 794157988
362 691 1179908346
678 568 438639683
783 696 503483892
47 887 807059201
551 839 2068575070
874 504 1422525361
577 778 476270359
621 572 1769414846
876 725 1854826017
609 676 1684542575
535 458 569991603
237 636 258705661
991 156 62004696
81 291 1314807457
806 748 72211297
611 941 626580175
348 500 2074418865
455 346 1616954513
391 445 1227837602
123 773 620651118
219 60 2122247446
679 839 1333910859
665 897 833551694
983 986 535209548
552 728 1484064670
655 398 993075907
218 424 902498008
940 867 1890937037
891 364 161046619
89 254 311434915
141 484 295854736
99 417 1973740567
733 277 1687265230
474 138 1670571247
684 15 380052209
797 146 362408844
391 245 814853539
683 431 1124457446
535 225 585183054
57 834 948495696
223 708 1178639681
16 246 611940922
325 242 454507303
322 232 1257207370
914 159 813764001
921 379 31675422
827 881 1236995494
156 928 980010723
791 840 598563995
55 436 1404168733
365 303 1304769626
224 731 781747400
952 494 32298952
420 306 1618098457
379 755 799171711
781 38 573885197
547 66 288566650
561 633 489019172
13 462 433712842
643 703 1271772628
251 173 960694787
373 633 1169629254
878 309 1847143748
105 349 2080886436
303 885 1167122298
857 414 1622181004
859 415 1389415797
63 385 1624722720
830 88 1888677912
391 320 445689958
66 618 510602538
991 321 1193769267
687 894 184041548
545 870 2071418398
985 665 253734623
739 855 686717073
666 840 1209892180
326 171 948791757
283 87 1928591952
252 676 1263320153
459 551 1796000192
21 755 1526136111
433 549 2016808171
325 548 1811233669
280 949 1354381958
568 970 894822971
564 916 2100461274
685 678 293440491
14 708 1429230863
579 667 76303125
406 766 869730909
372 166 2119630819
50 881 1996903447
620 290 500303766
439 368 385636489
448 975 1076841214
585 840 1205238937
422 932 1225229053
124 934 866111481
54 752 61473938
899 954 88591884
46 286 1702569954
547 888 1406255919
800 139 1786486334
603 538 298818864
163 76 1142909014
975 813 361391836
602 753 546288221
481 215 578578811
490 616 524361734
455 467 1330328722
811 110 393295513
832 382 197333744
947 772 438897258
123 748 1797005319
330 843 704772448
338 258 141780399
637 250 2044563711
489 88 607309864
272 159 489391664
293 665 1973919550
913 786 1899210476
678 422 1969315454
545 562 1768480899
874 746 2044273949
790 923 394993030
142 762 593993794
813 673 1563349160
220 210 869392742
787 91 1781626416
32 463 132673525
411 102 2027517786
231 289 1424669552
817 347 949346512
310 328 995152844
576 898 1715344293
81 606 1574946560
960 607 119950057
848 607 694382600
808 56 2120096057
536 416 1076372882
163 331 1632087527
925 274 110175056
708 702 989487509
240 763 1864723655
154 713 1204969741
729 19 284375548
781 334 293799790
758 278 434880402
73 199 1787935916
759 509 982659885
968 428 1099336874
479 472 1480506453
66 519 31606481
372 296 1472952923
211 522 1641790440
652 713 23560010
372 541 2071991241
244 234 1908111752
675 541 1402112937
591 964 1637796109
687 485 1752701945
989 570 580160014
272 435 575922784
70 991 1353879000
650 232 136093173
882 522 451511222
653 740 1497046960
925 473 1867162707
927 64 1573159732
230 774 1538892708
562 73 1721699188
376 696 1201536245
423 472 1560241218
689 410 861516355
41 378 1564842528
7 602 136606188
937 980 1583397944
694 333 345068257
310 153 94616994
221 394 358386850
499 529 863092863
142 981 1944238428
453 539 329658350
838 750 2101850524
579 582 558581971
227 647 175872472
199 329 2039482189
122 197 117558897
555 701 138599611
170 65 1994134052
482 807 1852948447
920 313 347105065
139 855 1198597604
763 478 1755014708
501 892 2038985428
189 529 551102350
737 51 1426916077
589 671 2099204539
870 634 269936143
114 359 1057834050
805 852 428916331
162 529 1285461845
287 604 1481603984
694 662 1850962179
296 584 900320417
677 956 2088368271
301 399 360238936
426 860 1712596540
944 578 1423220494
144 952 1107720950
628 924 1054546739
569 828 2028138855
904 524 830197654
160 927 553602180
384 535 82453177
893 797 2106996538
673 812 1282844665
651 846 472361803
670 176 954012617
229 255 1683656314
179 779 1091491328
442 602 1309286197
760 381 1601598483
253 678 916969593
215 856 595714155
332 791 1241139636
172 488 1036439563
97 684 2134051015
811 720 1729098285
268 186 408021971
438 587 1127511940
613 875 1992675204
532 949 977184030
45 181 1497904728
767 341 877413381
162 831 1527963472
85 390 1039030822
601 852 489986690
972 153 398870067
233 27 1601437645
792 81 684450405
653 367 1651933014
805 982 585494048
35 316 1839698901
740 379 1868914
572 25 812505177
16 319 1409797293
850 531 1095661095
373 821 1469944901
447 889 170476823
377 586 1296685171
883 256 1181171832
296 693 735848479
374 407 1222827104
683 936 1019256986
162 357 1554076020
496 984 1228789963
176 959 855308151
722 797 1823186009
677 366 268657198
98 589 428787463
159 771 236452392
81 258 690583873
720 126 773927410
652 786 1319471608
339 843 609060613
782 854 1562807789
353 51 571084082
562 513 569202522
510 694 566031376
911 180 905568209
287 47 1024917156
36 480 1395665392
131 574 668037187
753 392 1654979395
159 768 552351471
655 288 107589641
26 807 1437283836
647 687 2082840691
639 312 2067639455
198 720 1158523249
40 328 2128841426
680 578 265088040
591 597 1864353991
834 944 1862211969
203 138 1198971663
344 763 570375664
403 660 911444976
235 99 1232491390
595 984 1107718019
973 384 280438663
397 965 1050306768
795 45 1899878876
630 650 1759701413
305 805 1214776500
719 521 276708555
326 209 86344598
529 562 1051333967
772 655 402201904
524 907 1352180476
835 310 1693601826
730 504 1056213710
786 310 43882636
699 987 1000883168
753 661 1136143806
717 349 807931897
716 184 902424940
74 905 171571542
271 514 1395012085
638 531 1624390542
59 580 2101466358
264 79 1515189571
511 984 1416350989
307 317 1520690636
284 351 2011790941
310 337 1152867960
323 82 358370011
231 151 1804848612
678 925 1147638803
447 741 1380339588
659 155 82966929
336 340 1487901025
204 313 1513120748
198 631 1454434708
543 99 1356981001
843 261 1857112818
118 501 1028157791
801 289 283009498
808 541 524761264
217 915 1503299015
164 78 1698327568
813 689 1824092971
127 724 628695081
813 905 596118245
8 359 1107603761
172 593 950865834
742 300 911941443
214 804 1505574232
644 557 727038028
636 751 1605154004
328 222 2137904772
192 415 1017436060
331 460 1189927674
257 653 786348524
279 718 14735142
233 682 1644134850
196 616 863126524
45 954 1618673307
110 644 1316402121
405 310 1371285245
692 390 2011286212
738 325 1789325478
416 113 482362837
550 619 396002417
116 213 1518390250
743 829 813890985
960 47 734760872
47 535 212150347
411 410 1745934354
136 540 1521645939
720 528 1765129105
849 464 1236251195
860 814 8694918
807 470 1838392694
978 203 409672986
380 529 319206733
607 820 1375211606
284 117 1148772343
985 909 577271720
874 391 1684165425
778 656 649298626
7 591 1343225696
596 559 1142923053
802 236 184753112
414 727 1728084532
103 479 1461803424
128 87 336697985
239 230 824760045
117 275 1459893058
321 978 94987854
472 753 605490498
945 290 198449644
43 987 1043530975
529 28 1314016831
291 841 1853644004
805 960 1373866949
826 756 2043003542
512 844 922399599
45 638 344909883
945 687 572914385
273 560 742707670
461 475 1988198442
481 765 912491424
863 736 993479360
969 829 1749412666
237 485 818297909
884 637 1711042809
362 616 1593182078
104 436 1226281999
719 582 1546196676
824 962 605358676
426 471 1961688165
54 117 319433858
527 931 448500132
696 858 197765832
435 657 193902510
922 911 453992794
526 103 697620313
496 454 817951077
363 215 1374950219
148 11 1981132626
357 187 1586629857
96 866 41741542
167 1 82209448
374 873 886480660
687 343 500053200
330 17 719725174
294 117 1418393366
568 468 459039023
372 148 1937554911
400 680 14013599
137 416 1078300399
898 316 1560863351
917 332 1081557870
805 208 56882786
310 687 424999792
548 19 286124919
422 42 1625758965
605 726 1073553888
484 46 942943113
559 495 802480345
450 541 1984142965
875 628 2081678571
363 583 1557550591
375 218 1680666637
178 690 1086151092
304 111 798367284
738 553 1793009989
894 281 320410658
156 199 435634721
656 93 1746464940
966 934 1409572081
701 678 1498566742
864 506 1912771771
598 505 744056664
816 702 1053501990
15 430 397145982
895 653 2006770436
60 233 121485739
656 485 1854393612
728 567 1999476545
511 951 77079929
724 65 1720325157
196 749 1685990649
412 868 920688475
456 424 595807959
774 356 1149886477
733 786 142538728
707 200 106404605
241 787 1412945573
52 350 1774353829
733 444 850362298
694 36 1355267115
436 993 469207248
629 692 1728416411
875 160 872952184
107 646 181382423
470 202 104801623
766 59 690255506
774 658 1767242940
260 25 1378772309
745 958 1209141754
687 349 746439833
937 83 869665735
343 95 2136398723
462 47 1847403560
323 949 89627183
681 859 200049757
991 572 830200716
473 149 810762313
623 156 1254398245
944 740 110544696
833 386 133060051
234 413 755970134
290 527 1274315594
619 836 1666835765
373 415 1036985092
69 537 171796817
475 69 1630903968
303 902 1809535449
65 496 61376280
289 478 21641596
146 408 1241206449
896 359 654881381
146 30 75127690
898 635 1814768109
315 273 1350413933
804 324 1234156706
109 262 979619486
383 273 1867105510
272 497 1596740732
55 419 74736734
48 733 2145535
664 991 302900768
872 96 445055964
845 842 1161092780
895 252 1468473127
678 319 1284202836
265 579 608874413
805 534 1891294746
433 8 1961864416
934 938 1495057474
981 349 802761596
837 558 300821065
863 275 499770072
234 596 1652381977
311 10 2111523649
101 41 2122189298
1 245 312122275
793 155 690002080
395 91 656632154
489 837 863445383
632 718 1311227748
369 975 1061023124
956 34 2035229703
485 466 993978242
960 790 1224942182
990 810 1813222281
667 895 2089363407
976 372 327641279
844 66 252862628
63 932 1174338791
233 6 955323540
374 393 1185680024
373 769 1079329673
380 276 1804181446
581 977 968862513
595 115 2098844289
44 728 734458370
796 881 1583014609
534 409 310059780
472 273 1801010309
739 440 1578424095
250 382 1793593472
523 991 311874711
328 403 301601219
402 721 535651344
232 28 1666877249
674 550 1395854809
8 747 190063713
623 416 634911717
