1794
0
354
240
3491403907
177
223
10251212900
14
808
1871
5
795
5
1904
29
283
0
559
98
4
1271
0
114
119
702
39
1763
76
4
111
8
111
4
107
110
62
231
102
1034
28
0
220
4
0
321
0
216348
1842
167
0
1
471
1044
111
0
1364
72
31
0
672
107
0
104
0
73
421
86
0
0
434
258
70
92
0
263
706
45
14
4
20
351
256
91
156
0
0
217
826
100
75
246
66
0
677
66
7
0
49
0
400
29
4
1329
59
597
112
0
335
8
72
320
494
36
1753
11
0
4
5
5
240
28
767
87
24
77
0
0
427
0
60
454
59
0
328
147
12
30
325
480
116
181
457
1598
1420
734
104
121
141
88
0
82
290
122
491
134
483
0
8
37
1672
171
398
1729
7
27
0
0
1
41
257
581
182
279
8
46
1
333
491
190
0
46
169
0
428
0
289
41
1889
558
35
339
61
126
0
504
463
4
37
324
197
99
709
0
117
452
348
178
4
496
250
869
28
293
39
154
16
120
254
0
11
70
471
93
18
4
16
94
66
1824
0
0
87
382
29
134
28
29
182
87
238
18
5
0
26
84
819
79
0
182
0
230
1843
8
357
89
490
1929
136
1858
244
52
13
104
48
5
1891
23
184
224
46
5
96
0
78
148
44
674
0
0
279
0
699
97
48
74
8
46
1339
21
31
10155418664
0
15
104
1667
4
65
731
634
1906
0
7
0
394
12788738289
79
0
71
5
4
692
759
69
886
0
0
4
3
829
0
99
239
248
0
28
0
0
254
1779
69
0
0
271
688
9
403
0
258
0
824
0
0
30
0
180
1840
4
5
968
121
27
241
420
122
100
88
75
0
0
659
1868
175
0
978
103
47
1710
356
11
23
659
59
61
1820
140
164
24
20
774
118
1670
41
23
184
0
11
167
565
721
0
125
0
0
153
34
109
130
16
5
29
0
28
204
0
118
6
0
56
728
0
30
184
378
6
387
84
252
12
28
74
239
28
28
217
182
1819
199
6
128
362
8
13
