1 16
1
403402765008 
18
33 28 35 2 35 10 7 43 58 14 52 10 27 7 13 53 5 17 
100
746347360758 569190372244 525696392665 515593170386 674845509614 742883036119 468506045614 718469549759 251408875793 258412191432 633266829426 135472834560 659909997409 586946370789 383066969334 467062207384 356971410701 846008133878 413983619959 112160917400 821804290909 207064140868 492224276340 271994078995 175984729375 861315799193 515365743604 944273891149 656268788261 684784467104 690729497929 230512720360 186364785408 24482207196 685511239342 624189246903 108781571992 679317807576 699909383208 152789090686 210316815059 307440671563 989518175576 248533474161 374552615127 103370451581 254866721246 560041152679 48648267403 666104740098 90560048625 8701939849 608664020777 530365731255 647762798187 383058252340 434525313365 663408783184 194201413102 613584181045 430424265730 670830053904 426047148214 215594029858 237244507763 394695763451 164022272805 321248105705 895144308811 797957337330 75872365768 752892724134 201040484472 269754355737 673791523071 846718912854 927896884832 937510163927 38653578026 566839059167 262081923683 189496400456 808347383680 663185862999 386443687261 348464513572 934178413848 546584421103 543636320156 832666721533 491416251847 770448882406 131484841324 742433708843 883947583186 86403708012 364502000239 662991821790 495137574006 14463534804 
2
41 63 
15
48 27 43 67 26 59 18 7 47 64 4 67 60 5 42 
16
71 11 5 38 10 63 40 68 41 11 13 63 46 58 6 26 
100
847773792293 719380735298 511350684928 536852535814 921356254156 661583213032 55576906224 299246018162 735631386564 715086590155 956889398315 557450610010 40868229927 365619096778 751023282559 713022412815 65720621146 358044338656 642381342841 213110520918 772056878606 393006817498 863982964167 605729282386 957675303817 271470248437 77878428415 200300449848 318289007808 348724507638 113400282369 998607463492 702197760654 661780224738 95749923802 779929812115 984092361004 148433989921 473086705878 830731554948 822854361563 553688088946 754768025131 323688879856 546122861813 848839136795 783921965287 177660616085 970793898866 225859258824 644486537772 958577421925 63517119744 302183588096 478726284712 997306708119 603143412505 119463996151 537524799699 499860477752 106454799559 176574285588 806836611176 662417122081 956879937251 986169869941 411084862986 497601932405 961027269318 302979438287 813518129223 507161461098 783098680216 30512746131 387237577188 157579219710 906334494437 460550545934 281374807739 394830910766 391674935264 248807498280 79450345883 141246244494 431284851711 831659341792 188406999862 317932693684 537580369159 513583598577 690440118907 306096857299 149097024431 567530192224 855741475163 817935256042 537733327766 275984356508 709946103042 162323079347 
3
17 54 13 
100
11 12 12 3 3 10 12 5 3 5 10 7 8 1 7 5 9 9 8 6 2 9 13 13 1 13 8 3 11 5 8 3 3 12 11 12 2 9 9 11 6 1 11 2 10 1 12 7 4 10 13 3 8 7 5 2 10 4 6 2 8 7 4 4 6 10 12 7 6 5 6 4 10 1 10 3 11 2 10 9 9 1 13 4 9 6 3 1 9 7 9 6 12 2 4 4 13 12 8 3 
14
499695852598 285148276637 880111410148 914845893591 491909508569 961587062375 555100063292 950911731458 207605179623 934392095873 236399902930 742183478829 836433960285 693978783155 
1
674191765095 
11
48 29 25 16 21 1 46 34 4 8 27 
5
210794394004 604070681523 695866947237 10080926282 855033317749 
100
424189707128 373494698204 251291632035 244897444442 555396171382 314710564724 541607848783 983294481972 368068115566 957461651409 201074741146 94315067275 165427502916 519990477754 954938442366 492421666245 728761301268 418450046537 533497871956 590159716228 884552468215 16731450244 19602552104 48381210919 70355676511 898728999517 801823540413 20194202395 635465269440 265310256136 604742137555 413460134542 817899535290 900557316317 110399229381 367031179009 660734536858 882150221809 192891514255 256421540032 412844182320 241872451655 991420150355 462217295291 976587016437 116422971720 541199978794 736915353631 560273288435 688389967266 90676110136 302098815459 538926137887 396704228765 232604528300 138777175521 93211378944 415841659836 950432201800 371728219787 11422642797 871840554194 654550924204 123918728971 572585839422 440741683974 926885623474 338297733270 280280608651 595407745997 15261920665 220011814515 665408154145 291227966211 807234643247 835352149132 455287968535 360203616724 622658734809 353522099843 104229139213 721459470925 951654322291 655972901549 28780054937 211475060870 605287087999 830444168475 707763601432 260696339888 374908607183 52055341897 550499209308 535181906228 334277318244 579679035840 466960363494 518118064306 460738365926 443363267245 
4
22 4 26 6 
10
3 2 3 4 2 3 6 6 1 4 
