31
218
367
891
102
104
460
0
193
448
0
0
124
0
0
13
44
567
15
90
9
64
274
1892
0
173
140
551
0
337
401
0
97
0
5
0
56
0
198
252
0
66
28
87
10
185
13
5
40
15
743
14
12
0
0
90
617
276
135
752
332
288
30
825
114
240
447
96
69
0
14
23
254
951
381
137
18
0
589
235
682
348
65
55
8
122
31
0
332
103
395
1844
444
163
742
515
547
117
78
109
700
396
84
4
38
187
109
40
0
0
0
360
0
10
53
1684
0
953
82
40
61
29
23
0
884
4
272
0
366
0
736
111
11
176
39
0
38
0
0
62
325
96
732
23
1820
1851
124
51
39
0
73
102
1798
1879
137
335
0
1
0
432
69
5
104
784
412
126
9
0
72
441
128
702
1810
185
0
43
30
278
286
319
0
637
463
18
46
0
0
0
88
29
104
96
784
812
29
60
722
41
645
28
31
623
0
782
0
1843
49
1
130
496
481
293
1284
76
64
669
179
0
0
308
1727
294
697
5
93
15
61
171
89
0
46
252
765
5
14
2
0
59
0
945
0
79
145
0
131
0
1807
1
92
689
59
1
93
0
344
276
235
0
119
0
104
211
20
0
14
76
67
571
150
58
7
304
309
30
1932
113
456
161
511
16
0
64
0
326
39
58
106
29
4
30
0
105
89
1
107
626
163
0
792
0
206
197
12
1849
0
48
74
0
39
1758
28
220
0
7
8
687
0
0
68
0
34
5
2
433
185
112
870
279
5
24
38
746
512
29
63
178
61
23
29
1
798
182
0
494
194
183
105
0
52
185
182
0
1420
46
101
767
18
75
11
8
8
52
13
39
136
323
1859
634
726
115
91
0
333
1844
138
706
0
35
723
11
48
501
864
31
31
693
0
118
0
216
683
419
0
271
67
161
20
63
13
320
0
0
194
29
0
0
116
0
0
5
59
0
0
140
77
28
1885
0
22
0
653
29
22
28
184
80
0
176
61
59
33
109
90
0
5
390
745
294
186
0
243
0
0
457
13
66
320
0
184
0
560
4
29
5
45
191
640
0
340406070
64
0
112
57
66
49
166
101
92
800
484
1900
723
0
91
24
848
102
8
5
170
0
46
0
25
303
91
4
28
368
4
195
167
666
97
496
70
1869
347
59
952
174
126
638
22
375
1724
246
476
29
0
3
0
14
440
413
99
84
135
63
46
218
151
48
427
447
168
133
47
120
719
207
21
143
283
4
78
468
0
850
0
11
580
424
78
188
31
460
660
22
0
775
427
5
499
238
14
1915
1845
23
28
44
5
165
215
88
0
82
594
337
119
1095
560
112
0
13
0
3
334
765
376
46
11
1900
28
0
86
865
4
0
340
28
115
131
45
260
0
121
415
0
40
476
438
1412
0
0
355
251
116
778
0
117
409
1
15
13
46
15
59
161
503
1862
1
40
109
0
745
0
104
195
13
239
399
0
0
404
99
71
75
0
0
154
0
1629
155
876
5
38
168
1415
116
0
116
252
101
0
255
9
0
4
719
0
707
10
30
1841
36
436
62
650
0
13
274
74
1892
10
0
641
0
46
254
541
179
38
306
1
49
186
435
13
261
151
0
0
468
485
36
0
0
0
108
31
122
703
606
9
4
15
132
1696
716
466
998
1
1
216
189
64
0
78
920
42
764
5
197
0
0
723
0
0
0
0
20
375
0
109
760
144
0
72
28
222
1799
209
386
61
61
169
82
11
1755
12
38
0
5
0
13
0
44
0
100
1812
38
417
140
5
65
19
195
221
46
4
414
607
504
357
118
5
404
178
261
18
0
1
28
216
171
38
0
11
14
62
16
23
446
1
32
256
354
81
0
196
109
13
0
123
100
754
11
363
0
24
271
4
0
121
0
40
163
78
0
0
5
632
381
40
85
1083
30
821
54
410
726
25
0
28
99
828
0
9
765
11
100
411
602
168
90
45
4
673
1
0
537
0
50
129
195
35
34
404
0
0
1795
11
0
1834
27
117
5
499
0
0
166
14
80
32
0
281
5
289
81
1962
340
117
105
13
1724
43
105
86
0
0
354
353
714
0
256
146
1811
243
105
675
137
0
91
320
181
114
0
73
0
821
0
141
1
56
498
65
697
0
386
11
9
0
1443
191
68
40
930
5
708
1970
227
5
1709
77
211
423
159
107
0
0
111
452
0
918
397
15
0
0
374
108
11
114
0
1872
0
0
370
803
0
77
29
170
65
350
46
0
643
17
0
177
114
7
5
599
386
379
684
1804
675
0
231
46
306
255
0
248
145
0
0
5
0
0
244
1766
117
888
0
13
0
13
14
1886
4
35
474
307
408
378
983
0
401
14
26
60
822
118
0
63
159
163
0
1710
989
0
278
23
184
0
31
0
85
0
0
223
607
56
1
25
651
80
74
5
625
47
0
402
28
21
44
4
4
25
89
327
36
0
0
97
646
124
4
5
107
307
81
14
267
4
11
121
0
5
29
301
783
39
247
109
0
741
4
302
0
0
680
0
46
2
272
110
28
0
3
182
0
287
230
531
3
706
5
0
11
0
0
31
7
0
1
938
1
95
4
23
20
29
293
1782
4
75
0
36
46
116
26
346
244
0
14
4
0
390
728
0
1679
7
38
1344
112
65
690
22
348
401
691
752
311
11
5
0
439
0
133
843
328
5
181
0
0
0
0
700
0
24
376
64
8
604
1
552
70
123
376
0
503
497
0
232
11
248
81
454
1498
873
0
171
10
46
185
211
19
263
1999
134
251
1939
0
357
314
77
1
56
27
151
1
33
0
128
0
317
4
11
219
0
68
84
79
0
102
571
364
201
0
5
0
360
20
0
74
141
31
234
52
125
0
0
0
54
427
179
0
195
9
0
149
7
999
1884
1
0
5
190
459
211
0
64
98
448
0
0
0
404
71
166
72
104
2
129
28
338
175
24
984
186
346
346
91
127
667
24
55
0
0
296
73
57
352
1
177
242
5
863
342
68
1
587
1319
79
124
28
411
0
0
78
8
4
125
75
0
281
1497
100
340
70
5
682
1
76
0
0
47
0
2
47
325
321
31
4
4
415
0
11
621
5
312
100
73
389
20
16
113
411
173
182
352
125
30
30
48
375
82
0
699
115
52
13
0
0
60
145
105
76
27
474
11
303
545
45
1797
323
67
21
0
377
184
245
1153
180
348
147
108
58
46
675
22
671
0
997
703
365
4
0
72
55
5
923
0
0
14
98
631
1752
45
311
11
29
238
28
111
421
0
29
0
114
522
96
5
0
79
1
249
310
278
471
727
49
404
77
286
15
0
15
735
1883
275
112
8
0
120
844
250
277
0
57
29
13
0
20
1448
763
0
12
28
54
4
8
697
1855
60
117
723
4
111
256
141
0
136
242
42
484
59
116
646
707
1816
167
16
289
0
271
0
373
319
60
1537
300
164
116
198
120
29
11
650
211
0
62
277
0
231
98
219
144
265
619
57
217
60
1846
144
22
693
0
449
5
14
4
803
5
1846
0
105
81
350
0
0
0
0
1815
31
851
783
31
0
248
10
25
236
118
14
602
562
11
19
100
0
739
0
1
60
5
319
7
1116
91
237
625
435
26
2
3
32
749
94
19
132
28
0
800
0
0
146
184
5
808
29
1146
184
262
401
306
403
104
40
41
121
684
677
395
2009
11
238
1848
182
402
220
119
169
812
4
0
72
746
13
31
0
733
203
355
51
0
14
104
70
50
13
754
1720
131
72
709
155
257
160
127
886
22
0
40
66
365
106
93
736
766
351
5
21
653
1679
0
0
713
182
0
0
1846
0
97
160
14
434
162
168
606
29
0
4
91
0
541
0
207
145
126
38
0
80
862
325
225
0
178
74
13
71
657
169
102
1673
670
0
33
101
49
243
227
18
1115
188
23
69
339
0
290
458
726
26
40
436
29
332
67
818
46
0
494
1835
0
1483
0
0
43
2
11
72
7
638
28
276
9
794
0
59
1
179
92
30
1
805
0
13
160
13
151
14
73
465
165
553
18
0
72
835
373
248
2
993
99
257
861
0
1220
1779
0
12
482
1802
7
0
70
96
164
26
876
213
0
73
699
96
7
489
524
109
601
79
8
79
464
685
830
167
0
113
427
51
22
1966
328
250
164
0
0
126
1
163
0
127
0
46
0
944
0
0
254
14
127
0
26
306
184
14
0
222
550
2
105
85
7
24
531
28
84
129
297
0
0
201
113
31
82
780
0
129
0
236
11
13
46
35
833
93
0
22
168
0
476
156
13
388
32
850
30
95
973
153
866
721
20
11
192
0
220
124
5
122
37
73
456
176
29
1049
21
23
587
12
1816
0
74
541
0
0
77
11
108
5
0
7
2
23
94
70
152
40
800
304
4
65
161
1852
0
177
0
22
30
0
92
165
50
1
1
780
0
735
77
113
0
157
47
116
31
54
169
11
386
0
342
0
1
179
105
346
1878
0
0
447
0
14
120
900
591
0
0
103
10
91
765
0
1645
28
8
45
0
405
556
109
671
0
245
289
67
0
0
28
122
5
14
677
0
356
5
120
229
130
354
9
66
16
271
30
439
0
466
0
0
705
0
497
0
177
395
0
388
177
46
762
307
336
578
395
0
206
79
718
815
9
62
1804
0
693
0
28
314
426
4
25
371
75
5
0
24
0
460
1020
598
344
0
0
1531
0
0
0
46
2
5
67
7
11
1
266
73
27
71
5
176
1739
155
0
59
111
11
818
0
27
363
189
74
114
0
252
1
345
45
660
314
99
20
0
331
1684
0
46
1749
16
29
0
4
667
978
7
643
22
28
0
656
0
279
421
105
0
716
476
374
0
128
133
0
564
0
5
0
798
17
95
4
0
147
23
176
0
1019
496
79
734
1420
718
27
200
231
1801
88
402
0
0
147
1
0
0
77
269
232
0
878
353
563
16
16
0
356
144
5
412
123
16
33
208
11
4
0
668
357
0
0
138
738
62
315
0
0
326
724
377
0
0
803
0
69
27
11
876
17
4
0
412
173
0
35
1
279
5
0
126
0
181
5
121
596
981
0
494
1851
1
26
295
0
64
169
485
367
5
393
1586
13
359
0
8
24
5
42
222
88
441
0
378
72
420
1989
342
114
511
1696
17
99
85
0
827
0
117
4
0
679
118
129
65
31
524
167
17
32
564
26
20
0
480
40
0
354
1836
0
1443
0
98
173
66
0
218
0
69
502
0
48
0
125
32
45
1860
789
0
0
59
61
0
476
59
14
103
59
0
22
115
57
123
190
80
196
0
1825
499
0
24
136
0
501
4
734
18
5
57
197
122
1061
140
349
22
609
281
340
23
110
2027
109
118
164
695
27
5
166
304
448
0
436
0
1
0
363
644
189
124
219
0
5
209
128
0
14
16
4
105
449
0
0
301
252
303
64
18
1641
1
722
731
33
269
382
35
0
110
242
95
22
0
0
124
711
288
42
146
27
468
4
17
13
30
638
0
169
425
34
0
64
381
690
447
651
755
126
68
62
81
386
98
232
0
111
0
5
34
662
86
162
20
2
472
93
320
443
178
0
28
0
0
822
14
196
224
595
674
700
261
301
1910
126
51
4
104
227
95
115
180
40
30
569
18
2
757
0
29
378
711
471
70
1829
7
7
0
29
204
2
707
390
246
8
24
92
26
101
188
46
0
117
11
291
27
0
0
147
28
160
262
500
34
13
0
5
82
1709
243
0
0
36
5
705
728
1944
229
70
160
217
780
87
5
222
150
0
730
4
260
275
0
275
266
735
0
341
0
70
1686
28
23
0
1880
21
304
153
1360
268
3
56
0
855
368
462
1
1
116
240
835
46
375
182
214
404
64
13
102
96
54
1978
0
14
1469
318
1906
2000
1351
38
340
207
233
1797
11
878
32
16
730
469
725
0
141
363
1
732
0
712
46
355
363
664
0
76
5
0
944
351
0
0
157
23
133
5
0
7
0
0
685
549
27
23
0
352
0
171
0
542
716
27
70
1915
30
0
57
3
0
0
316
954
202
0
0
117
417
30
309
496
67
60
377
821
150
66
4
750
64
697
310
31
12
159
162
895
28
1
0
11
100
4
5
11
0
11
576
14
52
19
0
303
200
0
0
582
63
541
66
116
398
23
429
184
38
0
94
78
37
556
47
38
139
28
29
2
177
416
482
76
0
101
28
1142
437
184
0
77
0
0
0
371
0
502
0
191
89
645
45
4
11
0
43
0
161
110
257
573
40
882
86
28
69
343
19
15
74
7
28
504
30
104
16
46
168
14
31
4
135
104
88
166
0
58
3
4
285
10
40
507
9
65
1708
103
682
245
191
0
168
241
1817
94
39
28
1051
745
266
161
0
590
490
489
0
0
0
5
12
970
105
162
112
852
228
61
413
41
133
8
719
207
30
1
1901
13
142
148
111
1713
7
28
646
21
35
334
93
156
66
0
90
2
5
4
438
694
307
31
22
71
7
508
192
380
0
42
385
189
0
68
56
0
0
26
0
767
12
1860
309
55
119
189
0
4
69
0
211
242
2
740
831
340
506
15
50
340
0
108
105
20
0
11
45
59
135
343
14
11
154
14
28
264
164
1
22
121
881
0
79
14
46
0
11
188
0
0
870
5
11
46
175
83
773
152
4
44
358
141
666
52
1
1560
30
0
65
0
0
63
8
14
19
0
22
0
28
721
130
126
0
0
23
11
0
0
813
97
425
67
221
2
125
114
55
50
362
0
1087
256
175
69
118
65
74
62
747
3
42
132
34
5
273
79
721
395
1
227
424
14
201
163
0
0
238
382
28
457
0
100
336
254
6
35
185
515
122
23
64
329
2
14
160
0
0
244
0
498
0
1771
333
125
0
11
303
0
21
0
989
385
63
0
78
467
11
152
0
7
11
1
119
0
5
277
165
264
344
40
184
2
450
104
36
491
0
0
241
190
97
0
185
11
685
0
116
250
95
432
29
745
0
46
30
0
278
659
239
109
28
16
72
0
123
38
1
32
419
0
2
135
0
0
203
575
403
24
0
14
191
0
19
180
10
208
145
23
783
20
29
135
273
0
213
70
388
1761
1
277
0
34
0
0
111
1014
72
5
535
40
22
0
446
39
0
77
0
112
0
0
65
57
243
93
11
160
12
7
0
72
8
60
102
87
198
381
28
288
607
69
25
465
213
0
38
0
851
237
11
12
87
36
0
0
0
10
70
72
1881
682
37
1858
272
73
233
310
28
337
321
168
129
119
309
124
281
8
59
244
15
25
0
28
0
824
0
388
236
408
182
46
14
5
20
0
55
4
411
698
506
46
64
40
67
70
61
4
1793
388
14
206
182
26
148
52
29
298
121
14
0
1882
286
14
632
227
17
1882
342
0
11
12
5
14
1687
717
0
0
673
91
5
11
157
651
247
56
77
0
113
52
27
0
203
1893
61
0
1801
0
165
47
5
0
737
80
459
151
861
120
4
0
415
0
7
190
589
98
85
44
66
0
0
153
284
177
104
28
666
635
165
185
63
0
712
0
28
96
15
8
9
596
83
0
446
106
79
0
0
445
124
335
493
225
383
5
312
29
0
690
703
1
783
183
5
0
0
163
16
20
69
216
99
11
66
98
524
163
30
0
386
11
333
108
166
1551
223
46
1
7
24
0
1918
0
452
79
31
141
159
148
0
0
1593
0
0
0
45
17
73
48
0
0
242
331
280
407
65
27
693
296
151
78
708
0
0
1813
1334
28
495
61
67
717
167
111
126
31
28
0
102
78
11
764
0
5
27
0
181
677
0
0
0
0
0
633
262
14
1862
13
115
69
94
4
0
680
798
364
326
163
5
306
716
11
318
0
75
94
14
166
61
0
0
668
0
39
1
715
459
724
0
0
93
1
29
0
46
201
6
190
466
11
58
350
59
98
52
51
1
19
0
0
2
0
34
14
52
44
330
63
558
0
81
0
257
184
1946
3
3
466
738
0
0
472
77
5
64
39
448
64
23
1741
0
195
186
0
176
14
0
380
2
31
606
253
121
30
216
110
1
276
113
322
0
0
1900
31
252
5
65
0
342
99
14
1
79
125
203
72
106
210
167
0
1672
5
1984
102
0
532
0
199
123
799
253
26
282
46
1910
831
522
58
720
14
13
850
188
0
121
78
97
71
319
29
372
19
164
29
194
78
657
331
301
508
71
46
0
339
621
196
87
0
70
343
0
1
26
0
11
1
253
694
27
413
0
1
991
11
1714
814
27
501
273
23
499
4
1512
1
14
104
1
314
1902
28
410
0
164
3
28
1915
1
78
258
0
827
18
649
11
0
11
4
93
1010
1911
14
112
0
175
862
0
14
231
171
68
452
311
179
828
0
708
1
42
409
1866
182
356
108
461
95
1125
719
790
30
338
305
0
863
14
14
5
0
112
562
95
0
509
114
335
38
0
70
640
1327
115
487
668
0
423
29
182
0
114
11
1888
681
88
1
1752
263
0
122
335
1863
0
850
127
90
19
16
187
30
29
40
43
11
72
260
0
235
780
150
226
3
41
165
69
369
322
4
104
31
762
0
160
0
91
0
48
19
5
635
1747
596
167
150
14
33
379
436
111
286
644
0
182
82
23
394
214
0
10
155
115
171
375
0
353
0
11
0
68
521
128
0
215
207
0
0
426
0
113
687
254
343
124
1734
218
328
420
61
98
42
758
35
472
177
200
147
789
1694
100
14
24
233
252
116
0
989
40
0
72
49
0
3
248
76
16
0
19
86
0
0
59
11
163
79
50
163
137
225
0
771
7
752
0
44
299
416
202
0
94
270
1680
636
60
90
2
41
835
25
0
34
2
0
0
3
963
0
0
461
409
0
30
0
638
973
241
18
369
96
347
68
29
282
333
409
752
466
253
80
697
223
0
13
257
23
414
61
176
13
66
111
167
0
34
95
79
143
105
0
0
0
150
877
0
63
472
22
229
974
30
4
436
4
250
0
28
206
5
46
755
86
108
754
760
140
4
0
21
14
921
0
50
64
1
663
0
197
5
233
998
22
356
1
335
22
94
147
125
11
0
0
63
243
45
50
84
659
4
186
40
292
0
104
30
168
259
210
0
97
0
882
932
413
193
362
138
396
150
60
234
842
0
0
1
0
1840
226
97
816
59
462
0
61
321
0
0
1
34
0
473
1824
0
2
109
24
665
687
30
100
23
189
0
0
49
0
249
0
480
0
14
63
151
408
3
5
106
765
0
0
63
59
68
11
20
42
335
0
5
52
9
177
59
10
368
170
69
10
121
8
206
108
27
1833
72
18
399
196
320
31
119
0
308
534
28
126
0
520
7
243
0
23
117
986
1
417
16
0
44
878
303
423
123
2012
1483
30
11
256
223
171
0
327
0
252
6
113
414
5
173
8
15
112
11
141
1591
61
18
157
270
258
0
413
733
64
424
107
321
0
153
19
71
335
0
140
1
109
24
330
4
18
92
29
0
303
1212
104
284
725
37
509
0
115
5
0
746
71
0
100
708
50
307
216
194
0
140
81
536
58
11
1500
78
0
13
0
7
129
29
34
0
694
99
0
1
48
724
0
0
0
320
1344
882
0
0
14
5
506
366
11
61
98
467
28
218
387
478
0
1807
622
0
1768
58
0
1906
2
729
0
237
163
171
233
84
1
102
122
125
7
856
19
75
236
387
76
660
8
27
453
0
14
23
42
101
776
101
30
354
4
0
210
568
26
0
157
188
0
61
94
694
1819
175
60
0
207
0
120
256
98
27
0
390
321
82
14
59
1891
13
319
0
1
20
163
722
0
0
0
67
703
644
805
0
105
11
70
1869
347
0
44
0
26
1843
46
95
0
877
413
5
174
117
205
66
0
357
473
86
418
364
28
152
0
0
78
19
7
310
31
0
39
83
5
219
186
35
126
0
1844
107
39
188
245
4
11
22
5
0
82
5
0
0
283
116
0
139
9
77
68
0
344
37
62
146
0
13
129
241
65
30
70
1716
193
53
0
0
333
0
65
0
11
0
836
121
1301
0
12
281
249
0
670
279
184
72
4
8
26
99
111
0
11
28
70
874
0
0
23
5
4
93
76
35
251
10
466
99
735
790
27
84
0
129
305
479
0
106
79
0
690
30
128
377
5
1799
8
302
4
809
18
1848
167
719
1873
0
67
4
13
34
165
726
5
0
22
28
67
0
38
223
5
5
90
0
197
614
119
0
1792
15
109
0
28
0
28
908
0
31
66
324
31
103
567
214
128
0
187
0
385
533
0
0
376
1011
13
101
189
8
9
0
697
221
5
0
46
14
54
0
167
46
122
484
254
84
0
0
344
0
89
1769
0
661
271
0
323
329
272
6
1
334
167
688
239
39
23
14
7
211
69
1
36
0
83
808
24
0
0
22
507
170
0
5
13
28
32
0
484
165
0
0
5
0
5
59
709
9
0
203
382
0
40
143
715
127
13
105
0
125
228
26
0
112
1831
275
28
204
177
45
4
70
1801
1116
325
299
114
29
61
104
184
119
665
372
55
93
685
14
309
499
4
67
380
4
332
7
5
65
0
0
7
118
100
17
0
485
230
64
5
530
7
346
0
0
0
30
43
0
81
11
606
114
0
10
109
78
13
0
346
740
7
14
463
11
23
190
120
11
0
744
222
10
0
413
370
210
133
4
109
1876
16
0
51
2
312
46
210
659
965
281
502
4
1
1
4
131
11
722
28
4
366
11
148
251
5
27
0
0
0
13
45
27
63
264
525
14
30
120
11
14
376
53
0
92
19
101
216
306
86
858
25
0
4
0
48
5
11
4
81
1
0
33
749
111
0
202
8
7
7
68
96
1763
90
165
182
265
110
742
354
1861
0
98
1837
71
823
310
1
43
2022
0
4
0
0
18
1
352
0
647
182
739
268
1856
0
485
205
0
186
4
162
238
337
0
761
481
28
266
683
105
1429
11
337
1
159
105
0
92
43
765
125
1336
30
640
103
214
192
28
103
20
669
366
404
60
300
0
0
363
822
422
27
818
5
547
626
5
666
464
71
30
14
215
52
342
388
96
709
766
7
49
61
539
345
75
0
0
0
64
0
4
24
684
70
135
46
14
16
86
9
14
324
11
15
192
8
4
72
654
340
5
414
28
386
8
36
12
356
334
293
48
189
0
774
271
176
182
28
654
677
351
0
119
1778
0
820
506
25
0
27
63
139
4
215
1964
4
0
85
13
1832
1803
230
171
14
7
0
1931
0
97
240
110
727
978
259
73
14
291
311
194
90
74
112
88
1926
195
179
210
0
28
7
90
258
675
65
165
123
140
34
0
102
72
154
195
944
1896
5
5
0
0
871
677
4
225
220
339
0
182
243
320
70
81
135
0
0
39
11
28
643
0
9
99
270
8
36
4
56
0
0
1
100
4
0
395
40
38
333
0
608
224
88
77
98
744
1
0
35
0
5
305
0
0
4
7
18
54
591
0
0
5
223
182
302
70
1
59
12
71
466
103
157
200
1759
1
14
1
148
16
87
301
201
0
0
40
243
723
58
496
29
245
763
121
503
70
1402
0
387
656
0
15
88
13
0
344
1771
0
339
85
412
5
9
0
287
0
0
29
83
310
91
184
47
88
1638
162
1
0
234
22
808
697
173
148
65
116
335
78
335
288
342
1019
0
7
0
1813
274
149
584
101
257
58
269
1827
178
0
160
104
7
28
77
785
1753
40
663
0
5
0
78
0
0
0
0
191
359
319
46
72
304
63
310
12
1794
149
127
602
494
327
676
15
70
69
0
5
108
337
46
18
105
0
99
48
36
249
68
11
0
752
117
0
113
1877
348
116
114
312
74
121
100
0
0
392
198
373
458
0
171
14
0
187
2
10
317
84
5
259
1443
638
0
0
0
24
14
182
169
94
52
43
15
7
1
30
67
0
1
0
0
61
4
582
2
50
0
2
0
98
1456
71
0
1907
4
143
7
0
146
13
87
45
152
473
308
18
0
22
99
70
118
147
2
737
560
184
0
21
0
785
198
0
125
0
0
534
55
69
8
45
137
27
11
655
95
43
108
326
19
989
67
0
1
238
0
849
60
239
287
0
22
261
713
199
0
27
184
0
11
1833
67
341
11
0
1
367
203
215
228
72
802
658
0
11
547
1
68
654
114
340
60
0
36
262
27
5
116
685
382
729
22
1
96
1844
13
23
22
59
185
86
1841
12
19
112
0
447
5
167
0
171
21
291
786
11
1883
28
734
0
0
1834
637
59
242
0
5
105
77
249
375
437
0
0
5
200
20
0
128
0
0
0
258
72
0
57
170
178
0
18
254
101
0
777
451
71
1
40
632
0
739
480
72
11
142
210
58
73
492
68
5
23
0
28
30
219
70
47
0
371
115
460
11
106
381
168
249
0
1823
521
45
5
0
65
315
693
65
0
750
11
0
269
14
0
346
0
78
693
1801
7
176
347
162
642
5
715
93
471
383
709
29
13
13
87
1
175
94
4
0
1
297
0
253
631
15
12
31
59
719
1841
0
0
506
663
95
28
5
5
691
4
99
13
0
0
0
92
16
22
0
3
0
11
5
20
4
417
260
46
278
0
0
4
114
361
289
507
430
263
28
306
45
1717
54
509
23
0
14
0
39
464
0
492
249
403
155
11
98
307
1855
310
13
92
0
47
0
54
7
550
313
313
77
688
0
20
361
1713
45
0
0
11
0
464
70
0
4
70
0
1250
5
188
353
13
713
4
0
118
8
0
1248
772
147
464
100
778
204
0
753
11
195
79
188
24
109
0
100
0
565
1558
54
1817
11
36
501
172
4
0
4
72
673
79
829
888
0
0
14
176
8
5
316
73
65
48
0
0
5
652
809
269
0
374
104
168
0
726
1841
384
305
283
386
5
1048
0
314
220
0
7
10
112
0
46
5
5
211
925
358
313
16
59
293
18
0
0
356
409
643
347
0
762
222
367
0
30
0
5
165
2042
28
256
0
93
0
182
118
70
239
4
91
7
806
129
71
910
1866
1
719
115
79
0
0
39
10
220
1870
891
425
447
370
17
468
177
0
23
151
14
120
0
178
54
0
147
886
0
0
73
0
710
109
39
0
0
361
5
680
316
1
279
510
0
803
1
605
54
27
125
19
113
51
199
30
29
148
285
11
30
173
553
1792
776
248
120
326
0
332
97
113
5
75
121
1959
324
181
79
948
480
4
75
5
109
352
40
258
5
685
246
91
111
14
347
83
76
0
11
31
411
10
126
7
5
61
372
5
65
315
51
745
824
12
222
11
5
0
217
30
78
32
66
26
51
0
83
228
473
494
323
655
0
31
356
73
153
252
59
0
29
122
227
31
19
116
1647
137
0
1792
5
17
59
8
64
1783
189
407
241
319
199
205
817
57
0
217
384
92
15
12
112
759
282
1796
505
0
78
168
841
191
18
389
65
1003
28
29
470
216
7
29
0
197
181
110
561
16
0
23
312
55
1012
762
0
22
1453
4
4
0
1
1434
5
4
0
722
814
194
0
23
329
11
695
4
378
129
429
0
0
169
70
0
5
76
225
256
468
119
352
340
9
760
150
241
1751
23
2
57
22
61
130
233
0
61
1371
168
82
227
102
53
7
14
0
380
21
747
54
122
14
1009
0
214
5
68
960
0
8
1734
696
1794
0
1532
0
231
11
0
12
315
1844
263
14
26
209
53
554964
673
105
725
4
0
64
11
463
209
28
29
0
0
131
0
81
725
18
1066
1952
0
0
171
11
121
1936
378
1914
31
0
115
0
432
71
392
248
68
307
29
13
0
31
180
372
0
94
224
308
108
137
0
108
24
118
1
0
1314
272
259
184
52
0
120
8
23
28
28
0
451
1999
0
0
0
2
508
1854
0
1401
109
119
1
21
186
179
4
45
7
1
212
0
918
778
0
12
31
871
52
49
41
59
122
14
40
1841
109
0
143
120
792
0
153
21
219
1321
1
385
13
113
243
0
28
345
1
26
1
405
10
300
215
39
174
15
110
1779
2
159
12
0
4
13
96
1836
759
711
166
67
755
8
103
1007
10
0
0
247
0
393
0
0
302
41
0
5
0
314
11
0
171
16
185
71
46
12
14
377
7
327
6
0
14
338
1901
59
0
0
29
674
828
343
80
121
11
541
13
4
14
499
61
638
669
477
1
102
11
20
116
661
0
71
145
332
300
0
13
16
4
371
142
1903
405
0
108
146
120
86
383
0
27
7
15
191
210
5
162
168
16
370
365
15
0
1344
1
39
0
120
108
119
170
1
621
684
1
0
11
9
40
642
370
0
0
119
186
0
439
23
46
4
803
459
817
1904
3
11
720
603
13
0
0
1763
63
138
796
414
173
0
227
30
311
90
76
53
229
0
135
0
249
101
77
145
725
312
14
656
104
113
5
0
96
6
105
849
1
434
816
14
59
172
0
1988
13
5
98
0
4
40
170
246
0
7
737
720
0
66
5
13
755
0
0
1704
0
17
36
440
243
0
11
1018
192
3
134
27
351
341
871
0
40
2
159
488
412
150
410
0
0
0
77
1
0
182
40
460
107
324
253
7
1903
5
28
109
9
28
1812
340
52
86
3
1
0
424
120
123
0
878
0
496
28
361
320
71
6
684
258
0
111
1429
980
0
224
0
320
64
701
221
255
63
104
0
273
0
288
491
0
374
0
110
720
64
433
641
108
202
10
1877
650
1860
184
11
236
304
27
492
56
0
54
0
0
0
585
403
551
1
341
344
14
0
0
0
763
101
0
29
71
97
757
184
78
240
45
377
4
130
146
1
11
0
63
431
0
1682
208
232
709
1899
220
13
68
0
309
353
24
0
4
16
0
4
83
0
5
125
793
7
289
119
111
78
73
358
779
0
423
13
14
157
61
344
51
102
64
801
0
8
274
313
61
296
1857
59
13
0
0
346
1243
573
468
7
299
13
77
166
39
721
4
105
134
207
590
28
381
85
59
0
36
137
7
0
263
1754
142
156
83
0
11
134
119
1738
362
40
316
965
276
0
518
345
0
95
1
444
92
0
0
233
807
49
42
0
160
23
8
73
358
19
25
286
0
379
630
1703
40
58
56
51
0
407
178
171
676
712
152
0
393
336
157
1833
502
1681
87
1888
243
91
0
0
338
38
731
427
14
5
93
92
1
23
790
343
347
0
961
446
218
60
627
0
718
193
0
119
72
45
7
363
0
44
276
216
197
819
60
768
807
35
0
0
782
180
386
94
119
0
387
0
28
112
276
363
0
182
124
14
101
62
65
116
61
298
363
0
75
290
214
58
544
510
106
0
1834
4
0
0
55
0
23
65
0
65
46
0
743
339
73
333
11
7
4
20
73
1894
14
46
0
755
331
0
239
0
0
27
11
7
68
105
1902
0
339
146
5
226
0
155
0
31
120
0
11
103
72
1829
0
604
16
0
4
13
0
112
45
103
69
127
80
40
86
0
154
0
0
8
215
124
113
67
13
0
79
12
53
271
7
164
35
438
646
498
347
0
19
836
109
35
184
705
458
846
257
370
111
46
0
36
778
115
191
71
107
2
8
0
73
17
186
22
40
35
176
74
31
60
255
0
77
134
60
128
83
719
24
314
154
76
39
503
1
72
89
65
159
370
11
537
21
467
0
147
466
11
0
0
130
288
89
337
1819
108
69
347
66
24
36
0
458
489
127
117
0
138
354
31
509
0
117
104
247
10
14
245
1
124
184
158
733
5
91
0
295
63
27
40
0
121
271
594
102
278
68
374
252
260
164
110
528
0
31
1679
0
40
125
688
4
0
8
178
31
29
164
22
347
0
49
5
0
0
0
80
0
261
75
0
0
73
0
12
696
322
90
173
62
116
75
69
20
11
315
117
99
698
439
1
469
1203
2
1870
106
124
40
108
184
128
56
753
0
0
784
261
459
82
0
383
774
85
0
186
0
20
13
382
105
40
0
11
821
495
575
356
549
122
0
184
26
0
724
848
0
0
5
11
97
65
0
0
30
59
0
0
15
30
272
197
399
8
368
26
233
0
1
90
142
51
460
14
202
36
62
97
0
0
138
50
109
4
15
84
0
11
0
263
9
724
0
265
119
115
7
5
11
0
1658
11
0
24
300
335
0
178
126
367
0
522
151
210
16
714
147
0
29
161
295
748
767
66
70
0
17
46
207
0
368
0
364
28
457
101
210
657
120
0
0
231
77
999
18
0
66
8
11
74
30
862
28
669
0
94
113
1919
238
142
328
57
128
8
370
30
744
64
333
0
0
30
1493
0
56
572
36
15
11
179
28
174
28
5
248
1
0
245
671
114
0
0
69
92
61
1441
210
4
122
352
4
4
0
806
378
186
14
11
397
13
28
738
111
0
61
13
89
111
70
528
155
348
57
359
0
2032
28
236
447
76
625
0
10
20
0
1799
1435
0
395
126
736
271
284
101
68
363
1265
257
56
90
110
126
255
32
34
63
1
0
68
3
753
22
0
55
11
1841
0
0
1674
0
0
0
562
471
16
159
2
102
186
14
126
107
694
127
483
91
75
0
36
317
977
681
209
198
31
0
28
743
0
0
7
158
24
379
104
965
836
69
78
131
2
5
0
52
202
0
7
11
359
186
28
5
0
839
103
7
125
71
8
1
46
382
659
92
0
11
16
566
2
0
85
430
246
10
189
323
24
234
92
191
0
1786
0
101
0
0
0
715
70
164
0
712
0
148
0
177
133
33
0
0
10
229
11
0
0
162
230
582
61
0
0
28
19
94
0
231
303
199
0
0
414
473
605
0
18
75
117
89
4
338
0
109
0
443
277
9
165
53
0
184
30
0
0
301
5
472
162
9
0
243
24
728
335
220
0
153
0
120
16
0
347
35
78
0
13
0
18
41
102
744
60
7
86
0
116
0
1
819
4
276
77
188
264
11
30
372
85
86
10
1693
30
1
139
387
287
0
2
20
6
417
194
2044
0
0
94
121
853
418
130
4
175
0
574
17
182
85
116
28
161
404
112
420
202
67
0
84
290
5
193
75
251
0
0
457
267
640
0
1041
203
1077
150
13
0
85
4
46
514
128
329
11
767
1845
6
10
76
585
23
121
17
1517
541
1518
165
445
76
5
2
8
64
14
197
0
167
380
0
738
141
307
272
850
36
46
146
45
51
152
0
715
77
0
248
27
133
5
350
700
42
12
548
454
94
168
96
354
152
14
213
816
323
107
631
70
119
94
398
40
1
91
11
543
211
179
0
4
69
248
17
0
5
349
459
28
140
10
1872
5
258
107
0
0
449
310
262
69
228
125
86
1793
151
99
11
1
110
1
561
0
378
374
249
68
11
887
499
676
159
0
0
0
301
156
5
112
254
0
934
11
925
61
0
414
228
310
36
1
1820
58
651
5
190
0
107
26
133
631
27
349
505
133
0
1
0
713
77
1838
13
186
4
5
0
833
533
8
138
197
0
99
19
45
35
940
501
28
0
165
0
73
0
496
778
93
842
8
111
491
124
237
359
0
44
0
7
0
0
353
79
4
138
48
25
49
181
20
36
232
27
154
69
4
92
63
78
409
728
46
317
854
22
376
0
172
0
334
0
205
168
4
35
126
78
1
28
157
0
762
10
420
254
88
728
5
0
144
645
1426
675
159
350
323
164
13
13
0
1416
61
378
0
193
7
1808
339
32
501
71
0
504
1829
0
267
51
382
75
100
0
29
662
7
0
105
112
0
382
0
103
556
75
0
472
23
1732
0
8
45
13
163
14
0
1918
7
0
14
708
68
76
450
417
2038
743
4
176
0
5
432
256
2019
201
14
871
30
40
0
382
301
1786
1872
784
70
869
168
30
28
480
0
323
0
226
3
4
76
198
38
75
1281
0
0
508
146
74
367
445
2
282
194
102
11
0
4
58
0
418
54
31
104
1803
11
4
98
184
70
33
30
5
0
190
142
182
1179
813
667
1
5
11
59
184
18
14
166
125
13
0
87
75
102
0
295
1732
578
673
184
638
1858
1889
11
0
288
708
40
0
111
122
0
746
929
14
245
5
0
658
3
75
134
1763
68
52
0
62
15
2
172
120
206
742
44
52
219
63
70
70
16
39
40
556
28
0
4
64
63
714
111
622
13
191
0
1
0
325
1868
628
483
64
793
290
184
0
52
0
1849
388
354
0
293
14
2
0
72
0
107
68
774
28
710
96
249
194
339
50
857
54
0
142
792
415
28
23
7
0
148
243
13
408
12
7
21
1632
17
112
29
46
822
124
356
1
131
27
71
474
339
304
22
296
81
328
370
5
0
478
791
209
765
75
61
1
1
11
813
72
217
0
380
114
49
9
554
111
31
0
2
57
108
0
866
150
0
76
28
338
11
0
0
146
30
13
59
11
38
13
0
177
11
542
0
0
11
31
18
186
14
269
314
48
0
93
868
45
286
46
14
524
753
301
602
0
76
465
215
18
192
65
65
17
0
0
2
6
309
99
267
0
0
11
41
289
27
78
78
69
15
420
1
702
33
515
486
355
40
274
1899
305
1
338
405
59
807
11
0
325
82
76
65
39
269
721
118
55
199
206
663
13
64
117
379
43
48
4
435
672
116
19
0
457
120
52
172
336
4
167
0
343
84
310
29
734
105
29
0
48
172
23
250
56
0
105
748
4
26
694
5
105
0
0
174
252
133
0
105
3
0
1
1686
105
90
786
186
98
4
0
59
685
27
0
0
46
0
40
25
14
215
1816
14
657
658
24
730
0
391
555
815
4
65
401
0
23
73
370
31
0
504
1098
1590
0
792
9
482
5
69
719
0
8
608
259
147
337
0
46
126
317
461
66
5
402
128
107
13
121
58
865
0
345
355
103
0
238
856
860
178
90
0
0
0
3
73
302
21
507
3
0
0
40
1674
131
420
154
151
28
297
35
1712
11
1109
5
960
1471
4
946
0
810
189
450
360
0
87
63
38
262
105
0
50
320
628
120
0
688
302
435
389
11
79
677
481
310
26
379
172
1127
0
0
70
50
11
423
0
772
29
1290
111
683
30
0
310
0
4
865
459
35
72
0
987
0
147
0
368
310
17
27
22
79
0
126
42
732
34
498
125
159
232
13
51
30
240
0
1591
111
183
293
73
982
93
5
1
55
0
86
731
82
0
125
68
0
0
1901
0
178
656
118
5
0
31
338
22
29
0
242
100
0
84
238
30
32
320
4
525
0
1516
1
731
4
42
166
187
0
1
177
15
46
330
5
381
5
101
12
705
187
0
1966
311
221
137
52
242
236
23
0
4
321
1425
643
0
17
678
184
11
542
0
0
0
135
111
5
0
85
490
100
301
137
28
68
246
231
12
5
362
708
0
65
676
1715
104
552
2010
734
25
18
0
81
895
975
130
0
0
182
78
24
69
661
395
28
61
176
116
5
11
877
0
826
28
239
0
20
28
146
0
38
14
0
99
0
67
1992
679
174
5
328
236
357
70
119
14
11
0
1747
0
429
114
0
0
0
226
120
250
65
148
465
1855
0
135
17
717
117
1885
0
18
20
77
91
13
182
349
432
765
156
226
200
338
0
534
1846
13
0
234
18
0
18
363
5
5
24
794
1774
0
0
120
0
821
0
15
9
26
664
52
367
608
68
14
103
59
92
8
0
0
4
39
67
287
103
131
143
231
184
90
58
101
415
30
407
42
63
133
268
97
379
225
251
287
480
0
0
208
0
50
26
130
28
2
246
0
165
98
74
95
46
319
349
125
338
46
125
640
0
677
95
360
0
316
0
306
0
0
0
186
0
80
4
5
1
28
225
325
0
767
63
11
118
1
416
191
18
13
0
14
14
839
1756
1437
455
73
0
335
60
44
74
195
0
0
148
111
659
20
1792
6
631
226
1703
14
1
0
191
0
497
22
0
648
28
113
28
86
343
74
0
0
642
59
5
29
0
93
1136
63
36
0
251
164
123
14
0
193
125
77
184
1885
295
816
158
1
11
1
133
52
11
59
75
67
1004
183
934
126
397
130
0
79
128
1800
87
375
0
185
145
467
0
5
280
60
119
61
0
128
0
108
168
170
14
54
470
13
751
171
0
0
0
1023
119
0
93
0
520
168
210
289
31
295
993
4
0
4
852
4
163
381
13
288
66
459
763
0
0
1
11
405
0
0
65
16
0
0
395
29
101
0
0
702
70
107
307
95
105
63
5
527
296
22
723
569
759
312
69
97
46
4
13
122
189
220
23
181
53
219
78
1842
109
148
150
125
4
0
110
427
1458
1711
643
1806
8
743
18
1473
11
199
1836
405
66
62
112
1949
1090
129
165
45
242
12
145
11
631
145
11
148
54
1
176
31
497
27
751
90
111
11
802
126
370
11
338
0
0
4
0
112
190
811
338
0
342
0
13
4
67
338
40
345
0
92
105
264
574
174
0
348
801
65
23
0
0
16
0
46
23
243
0
46
38
4
1
0
0
14
692
5
30
5
1
147
0
13
17
261
0
579
216
5
1903
592
311
79
436
97
28
20
60
19
13
5
0
476
11
28
0
0
440
557
30
463
4
845
125
40
242
0
11
4
13
0
121
310
0
337
101
161623416706255
304
254
365
498
0
0
0
156
306
56
14
72
1830
383
87
780
0
501
222
95
54
99
467
869
332
201
329
52
40
55
798
778
11
595
4
13
250
16
33
0
5
54
0
17
118
395
760
558
324
1022
0
5
835
286
0
1817
26
0
360
28
177
4
870
0
65
492
122
7
2040
0
0
164
263
918
0
4
27
1131
180
461
44
194
0
160
26
214
658
0
78
69
78
5
25
365
794
11
28
64
0
233
52
61
464
0
315
187
1944
1701
31
467
212
39
28
87
183
0
126
0
0
730
382
405
162
30
11
135
11
62
54
0
271
64
65
0
1903
266
213
14
113
1126
0
0
5
13
667
808
0
74
0
701
351
19
0
30
0
127
24
0
744
459
0
1
86
13
5
395
82
384
5
126
281
0
38
55
144
1854
0
30
703
162
377
1676
5
0
0
64
20
28
42
121
692
85
752
214
29
11
0
4
1799
664
68
14
89
67
54
0
29
98
31
0
92
29
0
0
28
114
184
95
46
492
5
28
44
61
656
0
128
14
0
307
115
78
32
68
68
139
64
142
126
0
0
98
83
383
0
357
1939
717
5
82
59
1810
509
44
379
0
65
78
335
859
814
0
349
0
200
34
0
59
589
240
4
12
0
0
176
66
98
61
1765
56
11
0
212
5
84
589
86
275
544
529
0
59
464
29
838
829
723
28
752
0
0
182
143
86
5
57
25
14
236
58
60
4
30
5
0
77
182
51
456
459
0
16
190
26
1896
11
79
158
228
16
27
207
31
0
8
69
28
311
82
4
0
125
230
717
67
0
1219
46
710
662
0
395
11
222
0
255
0
652
4
0
82
0
1852
129
11
0
398
101
748
406
4
29
539
256
51
203
254
81
426
0
801
68
359
21
434
0
61
26
1
0
0
541
16
28
143
1657
75
356
0
24
79
81
1
0
231
5
53
31
535
365
48
23
214
693
398
66
1676
80
0
420
85
0
420
11
471
0
75
64
5
28
84
441
14
735
0
97
649
30
384
6
0
164
4
28
4
1893
26
28
122
1850
360
181
8
28
0
188
12
826
7
0
78
0
15
3
139
670
168
953
0
7
55
0
99
5
877
1291
103
0
64
0
644
953
0
690
94
13
332
804
59
184
654
0
174
11
954
1698
170
1897
98
46
105
758
27
350
379
1065
39
4
30
188
0
880
0
9
782
91
117
0
60
55
13
0
272
88
57
799
201
167
216
78
172
0
14
80
181
68
871
4
5
362
40
107
0
0
45
24
72
309
175
352
641
18
656
61
474
627
162
1
213
2
796
287
1
723
14
1839
256
116
31
397
330
56
33
143
104
484
66
0
689
33
1865
8
30
0
0
110
0
0
5
5
395
72
11
217
255
348
4
771
245
68
31
1769
0
0
744
2014
90
114
0
722
433
57
413
0
49
773
76
0
61
79
453
750
23
448
19
117
85
452
88
488
1
4
988
399
28
5
782
2
482
32
92
905
0
28
22
161
127
201
0
167
5
0
0
31
98
7
283
506
0
0
1861
507
5
70
5
437
0
460
145
21
829
0
4
217
20
64
35
46
365
125
4
58
343
5
700
367
15
0
718
2
183
0
104
759
0
490
75
30
122
133
160
375
0
960
331
435
0
22
145
291
99
49
4
177
434
411
13
281
499
977
13
7
1985
120
0
30
292
32
5
323
67
227
0
64
0
122
210
89
3
86
189
0
188
111
322
28
164
34
5
891
0
334
13
125
345
13
0
196
0
477
195
180
0
40
0
1367
0
4
79
108
116
1702
106
1872
0
0
2039
33
18
46
207
164
220
31
1474
129
28
926
138
68
4
173
673
82
28
196
0
722
7
0
42
119
0
75
1
31
7
20
60
0
324
608
0
0
281
0
0
104
22
0
162
716
48
308
467
58
57
5
407
306
727
264
0
218
374
54
33
902
4
428
15
1833
550
228
61
3
156
11
503
0
2
16
186
358
39
0
0
12
0
0
74
0
5
0
203
490
61
1
9
0
364
65
1
356
45
112
423
730
0
10
148
316
184
171
23
119
0
245
317
0
14
69
15
207
99
185
681
159
109
11
164
137
121
14
1715
947
141
0
140
70
23
741
414
440
14
4
316
1867
39
2
65
0
59
0
0
14
184
103
0
0
14
429
596
126
2006
200
1791
869
720
1005
348
116
14
279
1722
125
481
126
499
641
1
64
0
109
7
387
0
0
219
100
76
304
0
358
61
115
0
41
93
674
715
4
0
156
60
4
0
812
235
13
413
7
4
362
11
415
18
303
5
101
390
11
145
967
276
11
246
178
13
439
121
315
223
0
721
13
930
11
4
0
7
30
61
66
15
31
0
31
54
0
418
1793
84
0
1450
109
438
39
471
0
8
288
856
30
687
494
243
72
4
4
0
664
262
119
652
45
0
0
0
565
214
421
71
1775
492
308
10
0
0
7
20
335
471
0
4
23
254
165
317
184
85
11
40
755
24
258
15
0
11
86
4
2012
379
351
702
0
13
54
0
99
78
0
0
1
0
692
4
0
302
210
5
30
3
356
28
1764
10
0
104
0
106
156
345
65
135
383
330
108
22
26
677
165
23
0
111
155
332
118
143
0
64
0
0
725
0
0
5
0
0
0
35
320
0
0
21
27
1956
4
650
74
353
59
0
23
242
90
0
0
417
12
1550
423
126
334
30
48
41
160
98
41
14
63
412
50
4
80
1674
388
0
178
93
277
75
0
11
373
758
82
69
39
118
807
0
326
4
63
105
11
1810
296
0
1
144
28
68
4
1
20
0
181
98
59
202
349
7
0
1
64
701
358
690
79
1976
0
21
51
764
71
5
79
27
17
4
310
8
430
3
64
46
0
36
8
25
17
702
30
34
4
0
201
0
8
0
0
185
23
2
31
103
719
22
77
129
367
171
1
0
276
0
9
226
0
0
54
159
0
11
29
79
1671
5
90
4
66
0
13
80
697
0
254
4
0
4
111
188
0
4
60
5
666
86
491
257
4
190
0
782
198
9
0
213
0
183
614
345
151
14
51
109
4
22
129
0
54
477
250
0
89
15
1843
91
0
431
0
0
534
366
4
149
339
645
122
12
73
38
254
19
0
0
157
37
11
0
164
105
288
674
27
60
0
12
16
737
0
0
14
0
11
645
720
1838
11
0
649
120
391
108
0
184
491
189
1
1896
128
0
103
0
1634
777
161
1902
700
120
270
304
97
30
76
151
55
0
0
315
0
5
5
0
706
235
113
0
40
79
0
0
359
433
39
60
75
158
670
4
1
14
0
86
34
28
130
120
747
0
95
191
9
0
268
51
268
174
90
104
18
342
0
78
207
28
1868
709
186
165
273
126
492
11
5
503
0
88
851
0
370
5
676
0
0
1717
414
72
64
63
712
528
4
0
0
289
13
0
437
182
7
677
0
218
0
0
1766
178
385
0
561
152
0
11
0
697
651
359
8
142
0
76
46
22
857
0
1397
84
5
2
12
24
784
29
5
4
22
0
621
295
0
285
740
773
11
102
14
59
11
74
475
26
422
77
95
45
0
70
584
0
67
0
78
104
0
0
45
172
126
184
78
121
30
14
0
4
0
0
813
0
738
146
0
120
56
953
189
12
150
123
111
329
14
0
75
5
8
1
182
715
0
182
102
383
99
19
0
4
0
280
0
0
141
1798
4
0
7
878
233
378
146
268
1892
32
372
0
121
182
75
87
29
301
351
197
0
63
1034
233
5
61
56
46
0
39
0
40
64
46
11
415
649
0
7
184
885
38
407
53
963
42
1743
191
807
13
141
18
249
189
16
0
378
5
31
281
1001
10
77
14
843
5
1022
0
0
655
0
7
11
0
0
0
16
797
0
1901
40
22
172
0
0
410
0
253
11
0
138
7
0
130
1735
0
0
459
756
383
0
27
236
196
0
374
371
0
0
129
4
156
1
0
0
157
1216
397
4
120
0
252
0
794
20
11
1667
0
654
299
99
0
0
135
422
40
443
1918
1002
1795
171
173
178
1
383
274
0
5
944
30
120
1866
253
67
157
225
64
54
223
4
4
31
1
31
70
725
1
141
108
250
365
4
7
0
373
0
310
14
402
11
22
849
703
5
597
0
370
83
193
300
23
819
117
120
703
314
4
16
4
338
117
1858
828
846
20
22
434
0
0
128
1
1907
204
104
36
290
137
105
52
407
786
222
0
587
783
84
105
673
217
181
125
887
763
558
460
61
5
176
95
416
5
246
191
412
126
0
239
0
2039
0
296
13
11
202
26
0
99
193
91
108
309
95
614
0
121
87
0
506
0
0
496
348
1853
0
59
0
72
11
13
689
11
0
0
66
0
79
0
95
143
0
87
84
377
198
40
11
0
91
203
340
1
135
28
8
108
0
0
0
93
0
11
1
0
228
112
0
4
203
0
0
1647
250
0
634
1080
5
0
230
353
4
143
11
406
0
13
4
10
11
266
417
46
124
60
4
1
631
0
15
22
234
84
107
2
5
193
516
124
191
1918
0
334
282
52
62
35
13
468
5
35
225
27
397
0
134
29
109
26
0
67
7
38
1859
69
487
80
696
265
68
373
0
78
575
5
126
612
227
5
0
85
707
120
8
480
0
102
57
0
0
688
0
46
1
40
30
189
367
0
16
225
250
11
28
0
0
159
92
24
335
24
1807
0
109
0
762
23
4
0
235
12
799
13
0
330
1
22
98
106
0
102
14
8
12
0
44
319
11
368
889
4
11
636
10
0
802
0
0
14
42
0
98
268
0
21
963
129
878
63
175
4
194
0
0
382
0
39
0
758
172
553
27
31
11
189
28
99
75
0
875
758
180
13
107
0
5
30
24
177
114
0
40
0
630
4
0
95
161
0
0
62
0
0
0
321
471
1830
79
8
110
206
323
576
112
97
112
502
711
0
231
0
11
382
119
12
147
45
310
40
101
11
87
46
101
88
5
42
1816
0
80
40
25
150
310
0
916
0
0
644
0
0
9
96
0
442
19
113
759
283
220
278
0
204
151
102
5
8
68
0
62
262
1823
61
669
13
299
194
319
31
75
626
0
987
16
179
8
184
0
2
77
317
18
5
5
0
11
0
0
0
0
704
0
22
4
0
198
1917
34
174
719
387
0
162
23
809
79
0
392
19
98
4
1893
0
56
4
23
14
526
97
9
219
0
85
61
279
0
5
1873
0
204
15
1324
180
87
21
367
46
681
933
483
182
0
0
165
0
137
143
343
7
4314118144971512
211
50
76
7
1958
28
8
59
135
72
91
30
365
981
12
0
8
151
83
309
1
19
1
18
37
138
1
44
0
0
207
53
183
55
102
33
244
1
178
364
941
117
116
1861
4
4
1
129
1
104
708
95
356
601
302
679
1
167
0
92
29
0
0
99
0
124
0
74
0
285
69
268
12
267
1
119
27
96
70
0
62
71
439
266
325
160
96
353
30
11
0
0
5
107
1870
273
883
2
0
96
29
186
762
120
3
242
254
40
46
958
36
1525
0
0
417
41
121
0
11
59
30
751
142
5
458
66
20
762
13
4
34
127
668
37
120
0
22
55
4
57
201
393
147
116
61
291
494
350
0
709
33
0
13
30
32
617
722
757
182
398
381
407
0
471
28
400
954
40
0
46
120
111
0
262
0
11
743
57
152
184
0
117
14
0
112
598
131
1865
189
304
11
179
0
0
547
72
0
165
20
11
0
230
18
1
108
70
294
371
262
1852
276
0
38
11
568
485
0
0
67
0
0
0
46
1
451
151
11
4
0
5
60
259
511
11
121
615
306
1622
179
0
220
0
135
56
399
111
23
0
1
182
0
0
184
0
26
1311
11
5
383
0
126
616
491
160
0
216
644
449
0
818
0
0
399
5
4
0
0
367
5
5
326
0
343
702
336
72
176
0
73
4
0
31
0
0
30
0
1668
4
11
0
30
21
40
4
11
270
951
177
346
515
7
1470
64
574
274
24
1867
708
0
581
396
0
5
176
160
4
2
0
268
624
57
22
96
7
229
28
87
135
0
126
0
4
143
0
225
230
34
607
491
1762
99
312
63
0
483
37
55
74
11
46
754
11
507
154
685
5
402
0
121
0
0
2
124
263
306
360
429
19
1865
677
178
66
5
300
0
1863
0
132
40
0
7
711
7
1666
0
253
899
28
1993
629
129
25
0
66
175
751
317
0
14
104
282
187
40
465
46
1664
5
0
738
21
30
899
84
99
92
1171
409
4
0
13
391
317
0
11
0
0
338
885
1
7
165
0
110
778
68
111
0
149
75
126
17
1684
0
0
325
117
16
22
782
177
23
60
0
137
5
12
109
98
5
148
1898
118
8
0
5
706
5
0
31
40
13
302
404
5
45
31
454
0
300
709
121
14
112
231
731
101
1120
92
168
38
260
115
1929
0
344
42
5
104
244
0
0
0
488
31
14
95
0
483
88
0
11
107
1640
342
5
483
320
195
233
237
291
57
22
0
95
426
0
176
252
310
686
343
54
28
208
16
0
0
13
14
63
120
1880
340
65
5
694
1891
56
200
115
326
391
0
5
14
14
126
120
798
0
28
492
59
154
4
993
4
0
260
0
649
42
204
82
17
0
1904
89
214
22
35
216
28
302
0
0
0
67
39
497
91
0
0
0
449
0
668
0
242
71
351
0
465
103
33
446
101
44
5
0
0
31
14
332
213
0
111
92
382
5
11
14
165
111
108
355
160
26
202
11
0
8
580
143
118
174
113
342
1867
366
13
92
151
0
4
1
219
379
72
0
14
511
0
15
0
78
14
0
640
1972
445
366
189
62
220
5
77
30
496
119
0
93
76
239
329
30
147
184
478
135
0
63
4
727
109
0
356
201
63
71
376
0
1690
56
113
51
1669
655
774
0
832
79
26
363
256
125
7
0
0
285
0
16
31
79
805
27
609
65
13
1908
54
0
0
61
5
878
848
63
93
536
177
348
651
571
216
15
152
67
0
4
26
486
135
331
36
192
219
90
98
429
0
92
3
0
315
30
284
0
1428
498
0
0
38
46
104
119
0
13
245
338
824
59
201
8
449
5
229
0
363
232
763
4
760
1834
396
684
56
0
814
111
0
401
179
0
61
811
81
672
14
182
348
64
28
213
72
297
442
250
157
4
4
306
111
233
76
13
1230
0
158
0
51
4
5
96
0
70
17
66
1
66
40
0
206
411
102
98
14
0
69
5
231
403
70
987
37
24
118
1
7
501
194
0
93
11
5
0
30
182
165
13
74
7
30
13
11
0
0
0
461
209
375
289
0
0
0
121
135
40
183
1
0
0
118
548
13
200
183
0
187
0
0
27
317
95
32
0
29
0
120
0
0
1840
374
514
1516
483
0
29
4
499
55
0
110
63
116
28
0
31
369
8
0
633
27
718
13
32
7
0
0
980
961
53
108
62
341
0
59
1850
279
184
193
0
77
5
222
365
465
176
0
93
137
23
3133947785011529
9
0
0
0
0
196
12
1834
0
0
0
212
12
161
164
46
11
11
18
0
246
3
0
0
723
735
492
5
149
35
1
0
28
5
149
28
90
11
14
108
93
0
0
327
0
126
307
107
0
0
0
284
1846
1917
253
4
245
411
2
2
6
0
4
12
36
52
94
1
41
7
105
17
0
276
31
107
1
48
58
30
38
281
1
34
839
5
0
1859
337
764
67
180
356
37
162
738
112
124
78
0
169
321
4
236
397
211
59
0
473
111
25
0
23
167
86
1765
0
84
5
0
22
1
118
351
383
328
28
1897
178
791
383
0
27
1741
0
127
344
72
93
90
1871
107
266
0
0
184
64
1932
14
355
0
279
0
314
531
756
424
403
5
0
0
244
184
46
103
313
8
0
783
121
832
307
0
4
1899
46
496
0
95
52
72
0
1017
60
51
0
70
253
7
484
491
44
28
762
1160
409
96
11
5
79
0
507
8
336
87
0
92
28
254
4
38
802
77
332
0
180
1744
147
1
318
255
704
0
0
0
1
241
0
205
77
461
0
682
24
421
26
11
82
0
706
68
432
0
45
0
86
0
364
0
209
13
3
13
11
317
337
1
39
0
31
0
533
509
995
27
181
340
1724
343
14
207
312
46
1898
28
501
5
214
25
26
13
129
25
0
77
67
44
5
39
159
0
99
91
112
187
4
1798
73
4
317
2
0
5
263
742
0
351
142
0
5
510
111
747
46
30
102
10
377
710
0
0
17
7
0
234
0
260
19
419
0
211
0
486
778
127
121
0
9
114
342
4
271
23
1721
173
113
0
30
46
129
25
5
153
0
103
0
334
0
686
0
1
15
141
186
349
0
93
195
456
105
5
33
273
342
322
130
11
96
1117
129
694
1583
648
40
0
373
0
31
997
72
0
68
119
227
13
312
14
148
103
27
0
8
184
13
70
137
14
0
358
658
636
0
739
13
167
657
0
238
167
0
0
178
672
0
317
0
109
0
0
126
463
499
13
3
87
214
177
180
235
13
14
32
0
28
16
1
0
31
216
337
28
403
81
0
4
791
304
195
0
802
120
133
348
5
461
456
1914
42
298
4
20
160
470
76
4
7
810
350
0
1908
781
754
16
491
1003
363
9
33
1905
10
120
171
86
73
916
196
1724
0
0
85
11
171
315
101
1667
28
139
33
70
5
0
0
5
14
369
62
151
63
938
60
8
0
5
133
334
0
4
0
40
1768
429
0
0
113
29
0
141
7
522
97
0
1318
205
985
281
0
391
5
140
276
443
4
0
82
0
87
1837
28
14
118
437
4
142
615
10
35
27
336
28
35
0
13
0
16
220
0
374
4
5
740
796
40
86
0
11
159
90
27
46
0
361
453
75
344
4
13
5
4
30
406
991
688
10
0
24
64
59
91
0
0
250
817
251
0
0
1871
241
644
555
0
1717
0
98
106
0
28
7
72
59
0
262
184
27
70
11
1
217
18
414
267
170
0
0
0
163
763
78
75
101
53
176
731
103
682
0
112
0
61
0
406
169
0
1
156
1751
14
4
0
5
1779
44
689
94
0
0
71
386
107
44
190
573
31
28
372
12
18
104
2
147
0
38
0
349
346
82
236
326
0
102
1909
669
119
296
0
224
39
547
126
464
104
107
0
36
8
766
0
301
0
29
0
60
1
14
182
153
166
0
55
159
240
334
6
106
1998
696
387
5
28
318
0
246
814
79
4
28
126
59
4
574
11
150
22
0
167
113
497
38
69
0
802
238
72
1
119
376
744
200
60
10
32
0
58
11
377
0
68
14
0
5
8
0
752
1900
642
54
11
10
30
17
88
0
441
496
746
866
451
120
866
160
8
16
0
733
174
123
564
362
403
4
816
846
173
167
0
0
760
17
100
67
164
5
169
0
16
1
61
10
192
4
119
814
110
56
120
28
59
317
434
0
29
56
449
234
469
0
22
93
563
52
5
198
70
87
273
889
105
245
546
414
778
0
19
106
27
86
46
97
11
0
823
347
28
2
0
778
376
117
142
384
179
18
96
95
28
186
5
465
0
852
81
10
322
28
316
190
105
0
332
983
117
60
61
780
163
0
499
8
60
13
109
0
218
9
183
0
1
0
0
669
85
46
23
61
0
28
0
202
0
0
4
542
2026
227
0
403
111
76
191
51
195
22
465
0
0
95
0
0
15
0
75
0
0
0
424
74
262
698
742
0
189
169
72
241
0
5
28
367
0
4
101
14
740
133
21
0
93
706
25
458
419
183
123
738
501
97
0
61
24
0
0
48
109
240
41
204
225
65
14
0
111
11
44
339
60
383
41
472
75
690
40
0
0
87
6
203
660
303
54
0
188
62
5
9
86
144
0
1996
33
67
266
101
100
33
11
0
24
308
724
141
110
0
350
14
0
555
1875
104
464
28
169
0
1888
221
832
864
65
457
322
0
13
1818
841
272
40
456
1
11
101
0
763
2
0
0
52
294
371
1388
5
116
23
0
0
436
548
71
358
625
4
284
114
0
89
5087403
4
5
32
28
212
561
29
373
710
38
313
103
11
171
1
68
52
28
355
653
0
39
683
29
8
313
13
31
113
496
597
0
111
0
141
1
0
29
1609
276
511
2
680
46
193
54
155
244
35
1995
39
70
950
97
392
92
42
329
103
8
45
159
390
14
889
29
0
18
39
82
0
367
456
87
482
22
0
100
0
1543
266
125
5
215
188
0
1488
184
0
73
395
782
124
68
0
13
102
0
72
97
585
46
95
40
61
116
0
686
164
168
33
12
1826
293
845
0
80
182
254
90
0
1884
109
104
0
0
826
87
61
0
656
272
655
5
454
76
803
0
0
0
53
788
0
232
262
511
11
5
0
658
8
11
30
336
242
15
304
0
383
30
182
1517
338
146
128
57
9
197
59
0
773
66
0
83
114
8
0
679
96
78
15
766
209
5
14
11
737
1314
0
26
99
9
0
26
57
421
60
322
868
65
0
601
439
31
0
464
0
120
958
0
31
189
281
775
0
11
631
11
0
6
61
46
1736
46
265
945
52
740
0
72
760
45
1
535
821
1011
7
690
14
14
119
35
733
65
288
458
124
0
3
0
429
1
1886
70
31
10
531
0
112
0
452
72
226
70
163
11
40
0
28
52
0
50
0
99
129
476
30
30
327
727
1693
11
70
5
0
16
5
39
733
0
187
436
344
302
37
209
0
8
99
96
5
26
561
5
5
4
466
83
184
14
46
0
14
808
111
0
5
13
134
4
0
256
5
21
483
0
404
104
64
28
2
97
292
17
63
4
0
0
98
756
52
46
458
1817
99
1
849
198
157
8
93
1
445
0
1
661
724
322
24
5
0
42
394
0
591
0
59
188
0
344
0
4
0
246
0
272
352
335
290
1814
0
848
118
40
132
9
0
141
0
2
159
177
14
0
1885
117
13
89
4
30
312
689
874
100
277
5
1828
0
828
59
72
0
14
0
266
1881
106
27
28
0
35
40
61
258
0
0
40
0
111
1335
223
120
0
222
95
0
0
82
14
0
380
150
716
328
372
79
68
227
5
7
481
13
31
90
0
35
104
0
14
41
48
65
11
2
0
0
52
190
178
14
17
0
59
31
1546
302
2
5
11
826
29
52
1429
0
22
140
722
103
0
54
11
599
325
0
384
1836
40
232
1
0
125
804
95
0
266
665
0
11
11
99
342
12
262
22
0
16
891
73
5
254
0
136
348
30
260
781
146
0
28
0
104
29
11
182
31
0
1986
247
830
75
129
0
5
4
285
28
91
94
999
327
0
81
27
344
192
723
247
120
650
229
68
0
51
53
28
0
775
0
47
0
560
123
308
236
0
0
90
728
242
820
153
0
143
0
95
0
246
13
11
4
347
290
969
193
1501
303
326
119
442
125
155
94
747
0
211
315
23
176
24
1
326
14
188
31
28
345
1620
5
30
101
1385
673
344
943
320
753
16
214
379
230
0
5
65
17
1
22
141
102
406
33
29
403
0
14
132
108
132
760
0
4
19
0
98
126
101
86
0
783
29
163
383
444
0
59
92
229
403
77
102
230
330
89
0
15
144
0
22
120
38
183
203
1
11
115
0
32
434
2
0
0
185
460
20
993
75
22
219
233
0
11
1
0
14
46
285
16
14
4
105
232
299
1853
0
4
88
968
706
5
730
105
784
6
1337
126
201
331
913
115
19
128
0
49
100
87
1
472
697
22
0
0
72
33
1801
364
84
0
0
1780
40
0
0
7
8
360
182
235
144
0
81
22
321
756
40
16
776
579
0
404
0
578
99
1512
64
126
11
187
28
0
0
102
497
28
0
1773
0
5
108
79
59
5
0
7
0
0
38
46
0
5
0
0
117
0
125
126
286
1524
338
0
64
877
154
748
4
1
157
59
109
96
580
0
5
120
0
56
0
220
167
0
0
54
499
93
26
43
0
785
11
4
18
61
296
341
0
7
259
5
967
29
27
204
55
0
217
266
651
71
0
8
442
541
24
8
23
1417
0
860
101
0
3
0
8
0
821
28
129
0
547
206
19
0
0
0
640
439
1629
0
123
253
797
2
60
382
8
0
664
334
11
106
1
47
292
167
141
0
13
4
175
249
271
0
6
27
4
4
125
84
204
950
450
0
0
195
227
0
53
14
173
51
750
214
31
156
13
286
92
0
498
1669
137
665
818
0
0
38
777
248
104
0
117
11
758
816
0
11
0
68
124
1899
500
4
69
50
1173
0
618
28
111
704
0
0
28
4
69
140
16
185
0
0
0
0
125
406
5
764
25
0
173
135
391
116
118
113
1971
0
0
143
678
1291
597
0
332
586
370
0
0
503
751
113
0
802
707
532
324
124
0
21
321
5
4
1744
0
24
694
677
0
5
27
422
0
0
1014
44
80
24
1
0
45
50
111
337
373
13
76
0
177
0
109
0
298
199
92
13
247
0
0
99
0
118
70
80
10
5
67
445
486
0
28
0
0
793
738
69
26
15
185
412
8
114
33
1781
290
433
498
113
253
14
42
822
721
0
4
573
135
308
46
260
84
10
54
428
143
33
762
273
111
4
338
1799
0
5
0
0
5
349
0
7
624
0
41
101
48
737
11
55
773
1850
0
93
236
14
414
57
121
0
403
303
12
412
0
0
1896
8
1355
366
55
28
4
11
74
40
207
57
70
178
4
15
88
129
369
0
496
126
75
121
743
0
26
101
773
11
195
0
483
52
743
10
0
499
490
70
295
529
125
41
19
24
0
96
2
954
17
14
358
40
0
99
384
40
5
327
814
339
673
536
88
759
465
15
145
130
4
28
0
31
685
174
37
308
35
212
13
0
178
9
98
136
4
117
180
1796
648
412
172
111
61
0
67
147
69
160
0
33
122
40
118
11
7
5
1060
408
196
263
26
152
78
85
13
46
0
128
0
166
567
11
789
22
59
327
168
0
636
65
220
91
117
199
278
0
218
28
1
0
81
67
1839
300
171
451
7
295
1419
0
0
186
86
0
891
110
43
0
250
181
300
0
74
364
11
22
629
382
0
0
395
1182
0
2
0
734
234
249
740
396
103
75
73
102
473
90
206
651
0
248
857
0
7
1
620
28
400
124
99
107
32
1829
0
100
319
5
452
39
751
12
476
73
0
12
194
0
265
277
0
7
0
206
270
24
215
182
112
0
104
0
0
525
0
0
1465
336
271
865
278
0
305
13
640
497
552
542
60
8
288
467
201
385
15
75
309
195
108
473
197
96
11
322
33
81
144
90
1304
402
0
229
45
782
55
11
72
1909
303
124
1385
933
642
0
694
8
0
5
37
4
17
426
549
0
0
0
201
75
5
124
0
50
37
373
47
26
163
0
5
1538
4
125
0
252
5
28
11
113
66
116
738
84
0
90
16
328
29
18
69
52
0
0
298
99
171
119
11
64
854
0
21
0
166
126
362
1844
63
85
248
703
0
414
14
0
349
61
10
2
617
98
258
41
1
259
247
286
451
0
501
163
203
0
46
4
822
126
129
0
1781
496
17
29
76
224
14
96
115
490
50
0
699
37
100
0
835
77
742
201
0
230
0
412
0
355
8
745
99
462
34
301
776
0
0
343
28
1944
367
1
28
126
126
64
214
615
151
886
333
0
31
0
13
710
0
113
635
347
99
4
305
0
0
0
262
11
76
445
44
491
1817
377
65
29
145
23
851
230
203
128
0
195
345
7
82
14
28
242
244
290
74
6
126
4
304
78
350
631
416
21
54
14
90
0
320
98
870
339
829
0
4
7
0
168
202
43
373
4
42
362
215
1
207
95
28
763
182
58
175
338
241
129
0
215
393
11
778
334
121
1
84
160
0
1886
0
482
147
104
0
17
0
136
0
446
245
0
14
10
499
81
1876
0
734
157
2
162
46
0
1490
143
1
23
723
3
30
14
126
503
91
263
94
0
10
0
0
52
0
111
126
832
703
107
395
51
0
125
64
273
0
498
34
13
19
692
84
0
0
301
690
11
458
4
13
380
0
89
318
147
653
0
946
530
124
0
18
396
208
972
149
213
5
1
63
13
14
0
722
13
0
28
680
8
286
17
86
339
22
61
14
0
245
1691
125
4
207
14
77
11
113
243
264
349
2
0
0
0
0
21
0
30
789
5
90
40
511
403
8
0
11
7
361
0
199
101
494
1703
1
0
1799
65
160
5
0
739
231
104
144
917
56
612
0
0
1766
0
1867
77
103
4
468
1375
25
1064
0
11
27
432
111
17
0
571
22
0
816
7
432
965
28
67
303
45
829
23
0
0
72
351
9
5
212
71
1439
120
0
88
27
0
114
0
0
0
1
114
31
996
92
5
0
0
442
0
0
293
262
93
8
0
1
0
320
28
69
300
16
17
140
699
0
4
208
74
4
99
0
340
555
89
646
94
1238
30
309
185
72
0
0
31
103
0
1
138
0
19
258
333
0
388
0
5
39
0
0
0
60
466
472
15
30
45
342
132
506
24
14
5
237
111
641
554
194
34
0
4
0
174
851
120
108
213
63
11
485
410
214
120
80
70
0
146
586
0
1742
0
209
119
0
391
435
1855
446
82
211
0
28
200
19
14
112
0
111
158
1831
140
115
0
0
452
1864
394
39
5
1
498
182
0
59
2
178
53
362
0
0
280
1738
325
7
3
821
214
233
94
0
200
1811
734
1
11
0
31
38
154
95
720
778
36
254
0
4
101
341
113
4
826
184
403
466
146
190
10
14
735
120
0
10
1130
11
22
0
118
460
70
438
593
768
0
24
655
0
161
45
330
119
0
0
3
72
123
0
4
326
125
108
308
0
11
466
13
99
86
13
422
11
0
1860
530
1
351
469
0
125
119
106
0
5
20
28
186
28
390
665
116
0
0
42
53
365
355
181
1992
136
13
659
2
165
0
814
15
1803
97
0
1693
45
73
24
1063
465
5
0
0
14
157
135
61
0
125
1
94
0
105
723
183
5
48
1
0
14
0
4
235
141
13
0
28
170
0
77
17
136
4
0
90
117
1811
710
194
589
40
756
73
307
162
0
77
65
13
24
497
114
165
4
30
356
872
331
1814
5
70
54
265
0
0
288
0
301
316
71
509
51
16
1902
111
356
36
826
1835
0
1
290
0
1
0
4
13
119
0
0
88
111
7
0
0
181
0
270
0
143
675
0
5
42
677
1845
719
28
254
117
207
1855
67
35
0
13
171
1824
717
115
0
1073
487
28
386
54
0
28
4
116
74
4
212
30
85
0
0
8
20
27
322
877
64
104
380
0
861
141
0
15
91
347
1790
152
0
1865
0
1
588
125
1093
39
590
823
6
0
35
21
87
497
186
25
0
108
0
22
4
0
46
4
0
281
36
198
351
0
319
1664
237
69
155
308
0
177
0
656
40
77
13
364
135
196
439
83
816
413
1796
194
182
0
0
1
130
434
0
0
301
489
453
172
809
713
113
132
706
66
117
209
0
198
714
160
14
67
11
157
136
144
456
14
75
0
0
1728
114
251
45
617
260
531
1845
286
0
447
164
1
58
85
28
120
266
22
0
29
95
17
56
0
3
52
40
10
15
7
445
5
418
690
932
106
116
21
52
278
46
87
744
28
1864
123
321
317
366
0
4
501
64
0
0
1793
72
0
756
130
213
0
0
0
31
177
104
0
99
0
480
0
0
330
750
5
109
0
0
727
5
316
5
403
942
767
44
1
112
5
31
657
409
76
356
4
583
759
250
0
0
83
1
181
186
0
122
174
360
1913
126
0
1843
11
105
66
0
1688
11
59
5
118
472
1347
140
439
0
870
377
27
0
93
121
294
244
238
120
1119
0
1809
0
476
16
14
27
63
777
5
534
1854
0
442
48
64
143
111
434
14
4
182
0
111
0
429
93
965
4
520
558
58
987
26
840
134
0
4
0
226
1
116
595
0
46
23
382
384
14
5
98
131
37
184
954
4
238
424
1322
156
104
152
66
11
117
529
1676
64
31
1790
0
45
46
84
774
16
0
108
198
276
0
267
69
135
239
0
855
0
717
15
143
484
477
444
0
11
72
609
424
18
0
0
44
837
30
69
22
11
960
7
86
42
26
0
805
190
113
0
492
13
772
1
207
0
0
0
18
704
491
0
113
167
243
744
0
639
278
1012
2
124
0
393
70
0
5
104
67
0
31
11
813
120
66
28
187
5
0
1860
171
2040
13
325
0
909
11
11
80
0
49
493
0
71
0
55
1762
974
5
0
448
0
0
11
0
178
884
0
15
29
28
1693
0
22
64
91
8
7
284
475
374
415
32
51
446
1
0
18
185
112
234
371
29
697
23
12
183
45
0
249
186
97
13
339
1413
9
61
102
1515
1
0
220
116
141
704
0
100
428
240
364
0
2
1
116
91
0
78
4
0
52
1829
71
0
1
0
734
49
126
986
0
0
138
895
730
4
16
99
1689
0
53
819
31
93
19
1
251
0
112
356
156
986
0
270
20
0
11
198
114
1903
508
5
497
0
75
331
2
88
10
656
96
16
81
14
760
119
17
12
2
902
367
38
0
936
844
0
148
120
462
30
40
232
1
0
0
1005
7
1371
61
27
103
1869
10
0
23
22
14
0
181
11
437
71
977
5
6
0
711
0
757
489
0
12
401
659
126
28
798
120
0
872
93
207
435
0
919
79
96
0
52
24
1
677
349
127
0
380
183
468
38
259
0
24
0
1720
0
66
25
889
73
490
0
0
0
116
5
633
0
757
7
177
65
291
0
93
59
332
749
98
505
69
0
28
749
997
0
24
880
13
228
481
75
38
2
157
0
22
427
0
374
0
4
1927
29
36
0
47
96
0
291
29
32
0
245
154
16
1882
29
11
8
23
31
28
43
134
175
0
496
496
0
7
79
120
0
188
1
359
0
11
23
112
654
1
28
0
11
955
7
41
399
546
704
100
0
65
887
101
0
145
26
57
128
52
320
63
40
126
0
66
368
351
84
64
171
0
0
71
215
660
59
120
5
316
66
29
0
0
43
1751
477
0
365
26
60
312
61
140
232
61
14
257
1474
0
129
139
416
0
36
1859
133
147
0
30
19
113
0
78
385
0
167
67
4
1883
0
98
46
0
1497
13
38
69
22
101
11
680
107
0
24
0
23
0
117
1133
17
4
12
0
0
0
0
61
160
28
102
2
383
0
411
577
0
190
29
5
2
7
19
970
0
285
618
573
18
214
0
152
494
0
207
13
864
382
0
0
9
1
1
63
117
0
527
0
178
90
604
375
5
591
414
1855
0
0
1
102
30
1410
0
55
386
170
13
0
815
1442
124
381
126
1391
331
102
4
0
0
6
529
1550
438
317
4
292
266
0
90
0
242
446
52
8
156
8
326
772
99
603
31
4
551
84
60
108
11
0
4
26
121
27
161
1730
749
47
494
0
187
11
775
79
726
0
58
0
194
0
81
5
213
14
371
33
374
71
0
39
162
11
158
30
14
0
359
6
212
1839
13
1
22
0
197
212
220
40
481
323
10
0
1828
186
1117
681
5
26
1870
101
0
0
28
82
15
40
129
1664
663
90
712
0
5
115
116
0
34
206
67
1005
0
378
7
14
119
40
509
238
631
153
152
4
0
83
11
183
0
137
385
338
52
0
376
0
103
1874
420
11
30
546
1723
46
8
64
80
47
0
0
473
102
1
101
5
131
14
979
219
0
229
31
46
0
46
0
337
722
593
1775
203
0
111
0
26
163
76
200
710
120
331
16
330
11
5
24
1
31
7
25
377
1097
514
0
0
596
244
0
0
128
171
114
763
11
390
79
119
4
0
13
0
1835
38
114
11
2
0
1261
1769
1520
0
127
14
144
0
0
1816
16
79
790
11
63
955
40
0
741
26
1913
0
764
685
0
30
1
0
66
81
80
557
167
0
20
145
1879
2
0
251
0
0
0
303
876
11
113
1791
413
208
438
14
0
14
0
136
115
124
157
150
7
181
323
376
742
115
301
143
72
0
0
120
0
168
1
60
115
182
69
98
98
0
39
0
96
319
4
13
27
0
12
357
1835
0
305
66
505
725
13
2
1723
0
845
70
1848
38
760
548
0
1
834
1
733
0
345
99
0
39
67
159
445
0
270
1
115
111
2
168
0
0
702
298
0
6
1
448
11
7
52
0
334
254
49
0
28
604
1
0
0
5
68
0
0
7
48
927
78
160
14
111
747
0
0
7
269
49
82
28
492
385
11
0
51
98
682
825
2009
614
15
192
0
104
44
85
293
3
221
246
1886
40
22
357
396
318
28
32
71
0
24
457
22
414
126
160
274
184
0
1685
161
0
566
46
552
129
189
79
61
40
63
32
743
1
62
30
1
890
125
0
3
399
184
279
7
0
85
4
373
0
0
678
67
11
79
1164
5
29
0
14
380
186
28
102
175
890
145
14
9
0
73
112
61
0
0
114
97
493
21
254
187
5
5
27
12
0
5
184
640
0
451
9
127
3
0
17
0
169
135
206
86
14
163
0
4
0
0
106
538
211
111
31
0
128
151
11
101
50
784
327
191
77
0
191
347
0
0
0
126
1844
47
11
5
534
126
177
272
5
1
119
102
23
654
21
263
73
28
56
5
54
14
1
0
13
92
8
1
0
0
11
0
813
463
77
77
75
31
138
691
85
136
165
69
612
4
0
121
13
60
297
5
71
348
150
371
833
0
57
35
686
0
11
0
0
7
0
165
767
115
733
46
4
437
57
47
12
31
498
206
0
0
38
32
0
378
0
86
300
0
163
328
209
28
0
691
45
749
77
78
55
124
367
18
301
5
0
107
0
0
222
0
825
357
23
104
0
108
189
30
14
454
675
891
0
25
0
240
0
55
0
11
39
354
126
164
0
11
14
0
28
11
48
149
94
0
940
4
102
92
27
16
275
100
184
77
434
929
752
182
442
155
288
1973
106
884
543
7
366
39
113
617
926
124
0
78
20
469
454
151
11
0
5
5
181
129
128
1865
0
28
430
175
6
241
21
0
158
508
14
394
0
744
11
120
478
0
0
137
824
230
0
726
212
105
174
0
397
0
14
2
8
4
91
70
28
0
17
22
1
21
0
22
148
0
112
260
0
79
120
0
1746
501
59
609
5
769
354
5
374
0
244
155
1877
766
140
220
7
67
14
492
91
346
8
23
112
343
175
1776
36
79
164
268
366
204
199
205
0
279
28
936
749
105
797
31
1836
102
5
0
4
36
2
30
30
101
0
53
13
250
0
56
174
102
0
32
0
200
381
0
47
445
0
443
323
509
338
457
0
186
68
28
0
0
124
928
20
0
0
86
0
470
5
148
99
0
5
59
438
0
1849
0
0
46
5
331
369
79
15
659
1
828
114
0
0
785
83
36
480
384
487
337
67
4
74
119
1896
265
728
5
536
2
13
370
11
1
691
0
9
71
0
95
726
35
23
68
514
120
11
92
66
8
0
382
0
0
1888
344
33
117
71
72
379
306
24
12
1
668
192
70
317
4
72
336
454
157
28
14
121
84
45
645
0
462
137
1836
361
109
66
311
23
15
0
0
0
5
66
249
347
368
228
1723
13
136
70
0
75
0
176
248
85
209
85
327
0
399
95
270
16
202
820
0
15
40
80
24
1
0
124
120
135
1762
19
814
13
723
391
296
41
78
102
754
798
28
19
752
1
319
48
28
0
98
336
4
21
292
0
318
28
350
686
13
0
69
199
117
378
141
0
0
14
51
0
2039
10
20
139
167
204
36
9
102
152
198
14
126
15
403
40
327
100
0
195
72
32
11
13
0
119
223
1
377
40
28
270
127
0
1885
337
126
11
699
16
445
5
0
275
0
405
452
719
129
14
30
203
0
751
156
16
197
60
59
782
0
0
79
0
1
1331
0
10
191
638
130
674
0
0
0
92
108
184
513
401
0
0
0
431
677
0
194
4
40
244
0
2
690
230
79
644
5
107
1882
23
5
12
0
11
65
95
0
414
338
841
420
0
557
0
0
323
0
201
98
0
4
204
503
134
30
0
414
34
93
564
92
723
424
145
34
371
150
177
29
1
459
1
168
82
11
14
268
98
0
154
46
419
25
691
270
277
53
99
766
349
286
4
239
220
426
13
156
5
1
0
107
14
0
122
346
13
162
137
23
58
0
7
34
730
931
31
0
64
0
0
57
184
121
50
40
31
63
217
112
348
726
202
308
61
84
0
45
0
211
656
72
233
28
52
0
4
156
3
331
0
0
748
38
29
94
56
178
163
144
0
90
4
20
158
0
46
0
7
225
14
4
61
0
189
84
202
0
60
1904
199
40
0
456
30
1218
0
0
28
201
0
33
13
407
0
160
801
2
401
378
372
31
24
1
0
320
237
71
30
27
0
326
200
45
0
303
0
82
151
0
1
0
687
544
63
0
14
238
348
959
478
88
133
60
125
248
117
163
19
111
485
459
0
22
124
25
1888
100
44
710
777
2
325
0
471
22
0
7
57
193
13
472
767
0
293
36
1908
183
227
112
0
74
1635
5
28
99
45
4
838
0
0
155
245
0
70
753
78
0
0
22
0
65
142
0
160
144
208
0
66
24
17
511
0
5
7
339
250
154
0
171
689
9
760
325
126
5
274
13
24
0
304
0
97
38
4
0
4
17
0
64
1869
460
0
53
0
5
4
7
0
11
4
1208
454
13
0
16
0
401
361
97
82
13
112
70
77
70
29
0
16
1763
685
0
30
73
190
496
474
91
0
193
11
734
0
96
1686
0
27
1
0
906
11
168
1689
111
3
5
24
39
0
769
37
14
153
657
128
0
184
14
2
761
0
118
4
72
100
0
14
0
24
0
0
0
372
174
446
2
158
26
38
0
279
212
616
0
93
30
45
5
15
0
845
409
52
1566
0
143
173
709
1883
0
0
91
26
130
46
411
192
107
217
1905
11
461
0
452
30
11
465
386
357
5
624
686
729
0
7
1865
18
504
20
4
136
31
0
5
159
356
391
183
0
323
371
1
1569
202
465
14
90
384
12
0
427
293
0
805
18
14
1
8
706
72
0
237
0
5
202
0
489
0
328
0
11
186
16
0
1
18
157
13
772
312
0
437
107
0
417
532
190
0
0
30
332
743
11
399
183
0
377
43
140
738
112
13
370
98
46
632
0
0
0
0
11
0
99
182
3
11
5
659
0
126
85
2
1334
55
429
460
647
0
31
104
184
78
61
4
0
36
0
221
14
226
0
61
826
805
18
78
160
14
0
15
62
114
702
46
92
46
0
133
105
0
1
20
0
707
23
269
4
111
740
157
14
28
1910
0
24
1856
0
0
0
181
0
212
305
0
346
0
0
0
18
583
52
102
22
0
22
78
25
0
113
112
72
105
401
723
108
223
1882
34
443
0
156
0
10
0
0
218
239
343
14
1861
10
177
40
0
53
25
26
11
709
694
87
4
20
0
985
64
0
0
0
5
754
996
11
14
841
120
42
756
1966
419
0
101
132
388
0
293
187
0
311
271
99
1904
855
0
12
113
1459
321
43
0
0
739
0
151
15
685
0
0
0
18
663
486
0
0
55
28
683
69
466
0
106
21
324
0
184
845
72
61
490
1
0
178
4
0
479
368
70
194
75
190
220
663
52
150
47
4
0
851
121
720
359
1005
22
256
61
126
23
1690
149
45
39
0
0
69
4
356
0
0
143
31
102
505
92
27
29
1831
1880
126
846
194
113
40
13
4
761
30
22
1002
101
188
0
357590
3
126
207
411
0
75
0
1714
710
0
152
1297
751
0
120
347
0
44
152
62
55
399
321
63
47
30
46
190
72
13
0
19
318
380
116
192
108
450
72
0
14
19
31
183
767
46
100
1703
0
371
108
1
11
11
0
28
0
98
0
456
5
844
839
0
5
4
64
29
5
0
499
618
643
0
13
278
244
409
73
1
39
0
422
4
705
112
30
4
30
347
892
72
377
344
205
52
70
472
215
121
184
0
1882
677
29
82
460
213
357
12
439
210
293
433
1729
72
753
0
82
11
109
54
0
7
40
0
1730
298
0
0
355
143
0
27
0
118
105
0
697
14
228
422
1858
0
4
125
819
35
29
180
104
149
14
165
31
455
5
773
23
272
136
0
0
0
182
536
0
48
0
0
101
76
5
132
0
92
5
90
91
75
426
11
112
0
0
169
0
792
770
150
8
0
103
166
341
46
29
0
0
5
197
0
841
177
248
63
7
14
13
0
79
106
28
334
15
0
690
30
84
1722
160
301
70
0
5
356
410
29
0
91
643
15
94
247
82
234
0
4
0
29
30
0
71
92
31
360
123
0
0
64
659
691
732
1798
28
871
4
464
77
865
29
92
0
0
2
160
143
1859
70
789
784
5
36
128
5
212
0
0
1863
31
450
70
0
879
680
66
182
0
0
55
0
729
11
1905
287
11
14
0
197
131
5
30
742
291
76
0
14
64
28
46
65
0
0
441
0
14
720
112
315
29
0
0
79
234
978
434
0
0
0
745
13
0
166
362
157
371
744
96
76
0
30
0
267
369
0
0
0
245
510
17
11
73
1239
231
398
148
4
860
14
5
193
40
5
4
738
145
69
580
1
15
623
280
5
655
79
53
59
61
0
505
262
2
626
51
22
361
379
1005
475
79
66
27
39
0
0
890
40
192
8
0
392
140
64
307
448
37
4
829
632
1804
0
0
34
10
65
30
285
0
123
232
112
0
4
0
11
759
366
72
70
0
723
73
95
5
16
783
28
24
183
91
4
182
0
568
117
465
35
891
181
1844
28
49
30
0
903
33
185
420
109
11
50
0
447
101
147
11
707
7
100
0
5
223
0
2
375
745
69
4
19
0
28
29
146
29
344
0
0
0
11
211
1
414
0
40
31
63
191
0
0
235
69
0
82
14
822
171
0
295
0
0
766
4
74
0
31
0
332
31
11
655
27
5
57
353
0
339
11
1
280
369
92
1
5
743
129
0
498
26
28
29
93
102
188
0
1820
5
73
815
80
119
13
34
92
11
95
11
55
0
0
30
21
0
126
87
173
1819
40
38
91
0
16
0
189
120
91
155
341
316
31
0
105
349
31
5
878
99
0
375
111
363
5
391
379
0
16
350
0
151
29
384
0
29
135
0
343
803
1
5
0
184
0
0
5
1
180
5
692
8
235
0
0
1822
382
463
476
170
347
11
0
25
1
5
180
5
117
1340
5
102
102
1
182
4
40
40
247
100
74
5
52
0
94
58
258
27
222
249
114
306
1903
0
1868
8
741
0
245
4
64
292
1729
209
29
239
1147
220
654
38
0
68
103
0
89
55
11
396
0
335
22
30
3
5
14
46
317
755
806
169
126
52
5
0
676
28
0
23
46
46
78
75
11
320
1917
16
10
13
692
13
41
11
7
4
1810
108
166
69
482
29
1
0
629
0
0
426
112
0
0
0
5
4
162
168
334
1497
121
189
10
0
156
102
62
118
740
0
292
588
60
1800
735
46
0
101
856
1805
0
723
0
4
125
0
190
640
627
46
1892
89
0
0
120
475
0
39
690
17
56
119
46
974
0
0
116
0
0
81
121
150
1898
314
0
30
0
30
304
42
0
68
408
0
261
128
1839
588
306
70
78
180
5
39
0
0
160
1
129
76
718
30
0
0
103
43
0
23
258
0
242
11
249
422
0
344
319
4
238
0
133
120
47
0
0
68
441
28
85
68
46
159
110
411
0
419
198
34
7
349
93
90
351
5
408
59
764
986
473
27
1
7
442
40
179
0
53
7
1
58
581
5
261
60
112
1
80
0
69
169
272
213
133
231
111
78
664
100
135
269
416
16
945
0
120
39
36
214
11
75
0
27
30
5
19
378
0
78
302
123
2
103
53
104
0
1
45
200
40
96
5
107
1806
468
64
834
115
21
4
126
0
0
310
0
723
28
81
752
1865
0
345
85
35
0
281
328
4
810
4
54
201
214
196
684
827
32
63
286
83
78
1
15
340
61
135
31
11
162
26
86
184
4
0
1
28
417
39
7
1
120
0
4
188
558
52
21
493
749
122
358
0
11
62
500
17
21
0
1
706
0
643
642
6
102
0
313
48
62
117
0
189
0
86
186
371
44
378
472
77
295
9
740
276
1845
28
56
0
68
80
65
85
112
281
680
434
76
363
28
116
333
3
0
79
149
309
0
0
68
700
0
29
151
1
7
0
148
0
4
182
18
504
4
30
239
0
154
0
278
92
1236
202
1911
109
52
4
426
496
111
1316
101
67
0
31
157
98
98
0
1664
0
66
207
46
354
202
0
0
7
22
323
82
63
73
29
28
23
23
0
73
59
102
19
10
323
299
397
685
0
557
0
95
79
0
0
0
75
0
0
0
120
1020
0
1847
706
0
136
441
0
128
0
748
107
0
140
5
673
789
24
0
42
74
1323
491
864
0
262
96
76
214
0
139
79
168
0
678
0
0
2
494
73
1908
102
548
0
17
1
124
0
120
59
466
0
246
137
734
371
510
121
189
198
182
41
311
63
119
124
351
0
1
1830
122
86
536
305
0
325
725
5
133
189
4
214
1929
242
39
8
0
111
0
0
814
464
0
386
5
5
87
4
30
641
14
46
14
0
350
171
78
129
63
525
154
59
0
184
46
73
0
58
654
14
0
23
417
0
806
187
1621
1852
3
155
289
0
1712
195
645
323
24
292
130
1887
14
115
0
14
372
178
163
53
234
90
29
235
702
184
113
779
268
265
608
209
212
0
383
30
0
80
1716
4
763
46
19
0
102
29
28
69
25
733
163
13
367
1
1416
11
74
67
0
172
29
683
0
628
5
1
126
357
0
354
1
43
40
0
0
17
0
677
939
299
327
0
416
1818
964
0
71
1827
1909
382
5
768
65
894
641
0
28
294
61
0
24
35
837
362
0
63
339
4
71
767
61
640
28
265
505
29
421
5
0
0
244
378
91
114
22
235
0
1
0
150
472
214
0
6
4
251
40
79
119
0
593
0
0
0
119
1502
168
0
1731
0
360
14
0
758
23
24
831
100
198
359
812
367
120
350
1628
20
1275
294
116
0
112
361
0
63
414
719
11
214
160
59
222
117
1
64
95
31
164
72
46
164
11
104
468
414
113
346
0
647
110
0
1838
241
129
0
728
0
0
323
0
134
142
19
28
88
120
112
330
0
6
711
61
712
80
0
159
1011
307
89
294
228
43
107
0
0
481
432
15
7
233
986
678
74
27
394
212
426
79
117
52
102
15
0
279
0
416
13
134
5
18
585
0
774
0
0
972
7
22
992
5
61
166
116
859
1995
732
0
0
133
656
64
0
389
0
414
30
97
5
244
14
11
83
69
22
11
280
397
4
125
185
703
0
57
481
0
528
11
105
0
32
37
55
132
72
62
184
281
9
806
0
0
34
108
0
2
277
13
709
0
0
28
211
176
217
46
2017
11
86
148
57
95
132
3
11
97
75
1870
1699
512
415
683
444
88
1707
28
330
313
92
201
13
333
141
597
212
0
159
0
70
14
0
0
14
84
54
363
124
84
28
0
0
218
0
192
0
304
13
1709
5
2
35
81
734
122
399
0
106
28
484
0
356
193
0
40
0
316
58
446
681
217
76
20
0
346
0
306
507
245
352
51
56
0
3
1848
5
89
469
70
4
30
729
13
99
5
126
187
13
53
801
120
0
311
81
509
8
14
1798
0
49
4
63
35
1017
705
1893
14
432
0
28
133
0
41
0
361
4
113
21
239
117
11
870
5
415
4
11
0
193
668
337
0
13
384
395
4
320
340
527
621
64
95
0
14
46
5
0
125
103
680
717
354
0
1
78
60
27
0
723
96
0
372
527
804
0
803
11
242
366
145
503
133
46
317
78
5
72
494
1420
0
4
71
46
0
0
56
73
0
310
251
7
19
130
349
692
181
441
29
124
58
1004
1
387
7
22
28
356
3
271
491
0
229
167
189
0
0
14
11
11
5
82
1890
747
38
114
111
14
221
128
0
68
756
0
30
31
0
27
250
556
36
121109
4
906
46
137
4
289
0
13
1822
228
14
918
137
111
160
81
139
104
0
14
338
107
50
366
751
0
76
0
774
208
164
139
508
180
31
0
310
11
248
66
260
760
0
84
147
4
14
190
126
202
1732
0
685
0
8
61
205
463
0
186
671
409
72
43
675
189
4
14
5
75
46
1
809
266
44
1
135
1803
98
68
208
660
77
51
129
33
395
28
292
49
0
0
660
24
1454
320
75
169
291
138
267
0
0
5
0
189
378
28
38
192
49
491
0
0
14
324
24
814
1003
93
0
302
125
417
422
0
52
0
574
88
344
0
181
53
396
743
14
0
0
257
231
13
13
569
96
301
114
108
52
266
0
8
369
34
11
371
63
302
848
2
396
706
5
119
120
1
17
3
475
71
24
98
0
0
77
11
111
117
13
599
5
374
191
108
26
0
24
15
723
84
54
0
176
298
30
203
92
4
1426
22
165
0
71
7
364
203
69
0
584
13
119
78
13
31
119
86
0
276
1513
19
1016
372
93
13
0
247
71
0
307
220
168
362
0
0
11
0
579
5
123
10
1592
130
361
0
5
219
0
241
0
344
0
296
162
4
182
0
29
704
5
22
28
92
723
57
0
46
667
70
123
0
11
0
74
1850
473
485
5
77
0
220
55
374
138
1830
121
13
0
739
1
264
379
0
121
172
503
720
0
0
15
61
73
2
10
0
637
69
0
978
12
0
82
437
45
0
14
28
4
29
247
11
5
184
108
27
97
230
0
774
19
180
236
96
379
201
136
4
210
0
165
4
1120
0
707
0
98
304
763
200
251
134
13
46
238
0
150
0
0
508
108
853
62
0
189
0
118
14
41
356
0
1669
30
409
308
435
519
777
0
27
234
22
33
391
59
435
11
5
88
11
256
1914
218
719
70
1901
0
0
338
0
0
105
99
388
122
24
603
218
1917
107
123
192
367
278
164
14
708
5
75
7
0
19
481
874
7
0
116
266
182
696
182
77
29
61
5
0
264
0
5
12
36
54
87
23
13
22
71
0
0
74
0
324
23
721
96
262
199
11
53
0
705
96
496
0
170
11
61
498
4
644
173
28
239
132
1752
251
135
1864
762
13
47
486
0
393
0
661
420
700
11
1451
1870
0
4
371
1991
0
134
501
72
1976
120
243
456
169
641
104
22
0
434
1849
30
18
5
717
0
31
166
0
0
899
289
8
5
0
291
188
62
30
275
187
11
68
29
256
76
13
5
1018
0
51
1895
31
77
117
0
102
0
0
180
174
305
691
108
1576
0
252
0
280
80
367
29
628
0
508
63
649
1905
0
46
30
13
4
0
0
182
8
893
1532
714
377
0
112
5
0
27
0
3
0
0
79
101
95
4
153
14
146
0
22
0
378
371
452
165
1329
13
0
28
5
214
0
1729
764
122
0
15
2
3
36
267
298
338
755
322
249
0
34
52
976
79
64
1909
113
90
35
0
11
11
1
128
471
849
1
14
0
0
11
11
0
30
29
9
684
68
1177
64
0
1886
135
11
0
29
23
4
732
252
82
11
0
380
11
11
67
5
419
644
46
0
519
1793
4
342
0
585
27
717
195
1627
16
701
714
0
11
64
0
0
0
347
0
18
196
0
137
59
133
0
40
166
40
729
60
440
59
4
1760
648
11
1798
99
13
765
0
1829
1176
4
270
52
103
210
0
1973
11
0
103
102
1977
5
61
22
4
5
64
1428
0
55
40
0
119
2
70
790
254
862
561
713
0
231
383
81
0
84
62
54
383
0
0
0
0
252
841
172
14
512
4
43
106
212
1311
0
178
679
206
0
1912
505
1190
281
307
253
0
11
8
76
6
104
510
319
213
59
343
13
28
21
95
0
864
52
77
109
102
0
0
78
304
751
257
0
0
336
0
0
0
313
73
799
163
30
319
190
173
89
47
446
113
2
259
56
21
4
0
0
1843
14
97
1696
0
26
176
1681
979
357
5
0
121
70
283
0
157
480
742
1967
0
0
440
23
214
303
4
104
85
997
28
64
627
72
171
225
1762
507
29
1930
501
59
81
0
2
99
101
0
1913
719
59
524
68
11
163
23
1803
280
4
0
40
11
28
721
24
134
1889
294
115
367
396
460
278
0
1826
240
1696
201
93
61
115
392
139
0
15
0
749
314
5
4
113
152
59
0
373
1904
87
5
100
71
814
191
61
4
14
5
1
108
0
0
77
23
0
669
0
75
360
721
349
11
4
1814
14
0
88
371
185
12
76
0
1
72
11
333
77
0
280
172
148
30
652
0
0
0
11
329
239
67
120
53
10
95
328
1840
0
115
0
1909
155
0
733
75
0
25
1551
300
192
0
0
679
11
43
0
92
116
229
139
0
253
20
0
419
0
310
61
383
63
0
10
0
587
5
0
137
497
0
0
347
5
61
379
162
79
5
23
578
102
42
654
0
11
89
131
1
44
126
822
142
607
0
17
18
46
0
0
20
546
958
1848
872
0
5
211
0
0
184
103
0
271
26
46
2
112
119
52
20
11
23
286
0
125
0
378
11
22
49
0
316
20
15
0
733
5
107
173
8
0
119
232
73
0
4
0
73
451
35
1
207
191
461
710
0
22
166
77
0
43
0
0
1673
23
1701
276
1
42
0
838
633
0
0
28
1790
34
11
687
4
132
79
633
253
0
1752
47
0
134
831
0
129
437
123
0
214
827
1843
0
22
1
345
629
33
16
28
388
253
474
0
258
1832
134
46
1906
1854
1
220
248
5
11
4
533
134
0
998
11
184
120
353
96
13
5
93
294
811
437
0
0
470
0
30
0
1818
73
0
248
0
84
0
1
0
226
108
364
31
32
521
148
695
0
23
1
46
0
148
23
764
725
257
0
83
106
166
299
358
0
0
116
5
72
244
573
15
339
14
1164
0
198
728
111
88
831
0
99
331
3
10
184
297
1976
14
0
674
1707
266
0
271
286
0
1951
0
0
754
0
854
391
0
28
46
178
18
1
27
0
121
309
99
326
1
0
96
38
698
0
20
35
0
78
871
733
31
8
0
30
205
0
805
68
1840
466
41
42
777
1557
0
324
28
134
0
40
445
443
378
0
113
11
0
8
723
1537
74
0
63
0
81
225
158
82
136
1077
1433
488
7
233
378
427
461
18
8
129
52
11
49809087854
104
5
0
301
11
0
0
283
750
39
76
267
189
68
348
154
5
1625
11
427
0
71
0
466
16
0
3
0
479
181
331
0
389
23
180
645
38
183
122
0
384
758
11
30
40
259
1609
73
102
0
267
325
445
1
22
353
7
30
12
0
117
21
752
145
0
66
0
0
0
880
17
157
5
0
65
1997
64
229
7
26
1815
60
1881
0
466
735
61
96
59
0
650
20
82
343
770
0
344
0
31
0
182
0
163
60
767
7
78
736
13
24
88
88
334
79
346
259
204
3
288
1701
5
269
169
0
152
316
381
137
209
26
0
18
1827
721
70
0
78
0
1731
0
24
23
465
0
78
12
794
226
29
1863
721
14
11
0
123
29
4
553
852
103
119
634
1
712
0
25
245
4
120
137
117
146
30
843
708
0
5
293
505
46
559
32
42
205
79
57
0
365
5
39
491
322
14
646
16
840
683
93
5
1765
86
796
955
1904
0
174
1843
755
557
0
126
1788
710
194
11
99
0
0
5
433
1856
724
7
753
683
92
223
645
67
499
74
113
5
40
28
30
831
0
0
0
365
705
72
533
98
90
64
0
91
378
11
1855
11
1
28
451
184
28
0
155
1883
225
67
0
245
805
289
4
123
488
476
103
0
100
40
731
376
121
331
741
348
644
435
32
307
433
184
51
4
12
125
0
58
1822
90
0
0
0
50
767
739
245
96
5
319
729
702
96
751
14
0
948
17
27
388
5
50
23
692
30
498
0
124
2
176
111
148
7
281
14
277
19
97
10
220
189
43
70
120
4
514
818
0
5
126
811
100
11
27
0
0
119
2
1
989
1
91
0
412
717
534
273
0
0
198
274
719
0
234
131
346
189
22
811
430
679
5
16
60
566
30
5
0
73
5
402
36
0
23
0
0
691
0
0
36
78
942
501
1880
5
18
0
30
9
716
113
61
173
1819
4
13
0
190
181
557
46
0
146
351
39
142
174
313
131
411
764
60
59
375
0
4
339
445
1906
239
0
0
105
5
34
1828
418
800
536
0
114
0
141
178
0
133
0
72
11
364
1819
72
291
1
134
0
1057
122
36
85
341
757
496
0
135
88
0
0
1818
0
730
0
197
244
142
255
1858
468
6
104
0
157
890
59
30
0
0
4
615
64
0
4
1130
1175
24
72
8
324
226
0
119
137
1714
260
23
105
245
730
337
802
0
97
0
231
72
50
169
0
117
127
1070
15
0
653
76
4
659
5
86
30
401
58
287
83
0
0
91
125
101
45
0
0
755
5
0
204
51
1925
138
208
813
249
75
0
173
0
29
320
339
0
284
585
123
691
0
1817
130
455
186
321
0
0
92
0
107
1853
46
0
606
360
26
15
0
80
0
26
696
0
913
0
486
166
170
0
0
26
663
0
659
21
0
5
76
0
327
829
232
377
573
28
136
643
164
46
52
11
111
5
0
5
331
106
14
1839
103
0
467
0
366
0
171
350
294
46
11
98
125
445
0
4
272
36
0
0
101
68
186
278
0
162
36
11
5
5
0
333
303
23
45
28
5
1
0
659
187
1327
656
863
70
111
77
12
213
54
5
64
801
36
167
0
111
364
937
5
347
414
159
0
14
376
857
126
888
123
725
30
135
34
64
220
53
61
501
16
371
28
202
120
0
1847
73
120
223
459
272
13
1
459
548
501
0
161
745
236
74
25
774
7
482
56
0
72
11
870
54
35
0
5
1421
21
22
195
73
327
31
79
0
0
0
0
25
16
0
22
59
1900
15
180
7
63
38
413
4
0
321
0
1901
173
0
128
11
530
0
35
217
11
0
345
11
61
316
110
22
656
0
5
22
463
743
287
27
558
71
4
122
97
329
862
5
0
123
367
387
107
13
350
103
59
20
54
975
0
174
0
28
17
104
0
414
250
13
368
0
0
243
0
682
133
210
4
67
11
750
4
498
5
428
12
5
93
0
49
95
2
7
70
75
0
804
429
75
65
588
0
195
162
0
741
1225
23
238
121
182
78
49
5
411
24
234
285
57
120
34
343
0
0
0
46
27
11
29
0
717
160
51
74
0
0
435
5
0
0
123
0
0
55
323
126
9
756
0
727
308
682
106
311
49
61
3
3
178
75
685
259
185
820
465
8
1015862785704
4
1185
438
72
61
234
182
77
40
111
685
38
5
12
0
502
13
1907
68
0
77
5
197
44
0
219
1860
40
14
116
5
5
714
0
86
0
152
1859
182
143
281
1866
28
126
56
1
0
335
63
45
0
11
0
686
694
30
0
94
77
52
46
712
11
345
329
75
0
138
729
0
24
213
189
312
0
550
685
119
14
610
0
800
219
990
0
5
1043
324
226
215
490
8
52
22
1
702
228
46
65
18
531
52
293
566
917
1068
0
5
28
1647
74
79
22
28
14
28
0
184
110
7
0
1916
156
28
14
5
759
8
82
10
481
440
893
242
11
49
182
0
4
0
0
505
0
763
8
292
353
0
845
96
360
693
0
0
341
741
243
46
0
645
0
0
0
5
27
0
59
156
13
808
95
4
988
102
79
74
0
111
78
118
0
13
342
76
335
1870
142
5
0
23
315
75
19
62
434
120
102
685
0
71
0
0
151
5
188
38
384
39
11
183
0
0
363
18
29
77
65
28
0
328
13
139
11
0
146
242
0
2
13
242
23
2
412
0
186
0
8
27
1
13
14
155
310
3
27
472
474
1
144
0
4
102
4
333
0
467
516
565
30
34
270
0
14
5
10
252
1309
80
5
268
105
82
819
0
149
275
95
28
43
71
82
171
98
379
1
1898
0
326
78
0
0
42
358
0
246
0
62
212
0
0
702
22
23
64
11
10
148
123
27
216
178
679
5
0
1677
723
9
95
0
0
0
19
297
1
0
7
168
109
27
106
11
213
0
285
403
0
305
75
460
11
80
74
90
111
181
1597
771
666
46
157
1787
0
46
823
0
303
440
14
1773
0
11
689
34
411
0
0
0
0
4
0
34
125
61
4
46
1813
110
86
4
326
372
21
1868
1768
346
1
1308
751
0
27
18
0
396
111
643
40
1
180
112
0
22
0
791
0
361
120
1640
5
854
11
378
225
183
175
685
0
55
177
0
14
53
178
655
364
317
61
428
616
710
5
0
190
0
903
0
370
69
1777
68
151
13
5
20
183
14
16
225
0
4
0
0
1710
1
665
74
11
5
525
351
65
182
56
1786
129
1897
33
14
269
68
105
550
44
79
72
0
0
0
501
0
1009
1687
370
295
76
79
0
366
0
324
4
122
0
52
302
0
657
0
142
807
175
11
203
321
118
35
0
70
34
226
59
652
350
14
96
71
420
362
29
0
0
0
5
259
1154
301
68
660
880
113
18
181
478
1
31
1
440
1852
36
116
0
21
37
0
0
308
126
1918
29
185
427
340
69
54
801
0
523
242
212
433
5
1
71
14
800
372
50
269
16
64
29
719
88
0
165
28
251
188
16
61
745
135
125
10
11
191
0
22
1819
2
5
146
15
0
63
708
7
259
119
1106
0
0
307
0
213
11
111
54
53
563
1919
157
59
16
96
22
27
24
8
0
185
738
533
124
0
28
0
0
30
201
1
15
321
277
96
54
445
0
22
72
77
67
198
343
96
30
65
0
1
1766
162
0
703
476
283
0
18
137
28
11
0
11
241
1
1291
94
71
340
5
182
1
65
28
0
358
326
430
300
0
75
109
57
91
1946
0
0
120
5
266
63
0
245
330
5
31
496
889
0
4
5
120
28
0
812
18
28
6
14
70
464
62
444
1
124
0
6
129
398
495
44
430
75
528
30
758
31
57
5
758
31
1
858
0
29
65
14
4
5
13
40
673
10
93
4
486
42
28
0
28
44
202
1915
1
73
173
0
23
2
118
139
620
118
40
207
11
163
653
1130
0
180
40
0
46
73
138
91
0
572
432
887
677
5
982
111
15
886
711
284
0
0
0
30
718
202
694
599
0
25
37
138
93
0
38
29
197
337
50
579
93
347
205
747
63
40
131
11
0
1530
134
112
180
725
0
22
495
0
55
1549
1830
24
68
0
0
3
111
995
276
322
5
91
182
645
45
0
0
748
0
1877
0
65
236
19
40
100
24
0
40
0
109
111
482
178
28
272
241
204
358
0
5
60
0
123
262
185
836
113
11
749
223
104
8
534
10
65
232
0
67
491
0
220
665
113
415
0
159
142
4
20
234
64
0
122
119
0
1741
182
45
692
328
40
312
220
202
133
1909
361
510
162
150
1849
383
0
0
23
129
5
62
12
5
370
402
7
762
46
200
1809
685
168
89
441
0
385
870
125
0
114
28
417
7
991
25
162
557
101
4
8
46
0
0
0
60
426
0
221
1811
38
194
1
64
0
69
1882
17
565
60
0
652
0
331
0
28
82
41
40
153
657
14
150
7
15
0
502
0
1196
0
116
51
28
99
1823
0
706
81
265
20
879
20
354
29
383
0
36
236
0
587
0
335
144
708
1806
6
220
87
446
144
0
11
98
294
180
564
302
0
8
384
23
96
417
501
0
256
29
223
986
0
1880
47
1215514927151984
85
515
0
43
31
14
29
0
384
38
1866
0
70
40
0
494
0
120
0
0
380
5
1848
0
215
116
4
7
68
147
745
184
0
2
29
38
1415
75
118
195
103
0
0
0
0
312
126
1840
4
30
176
194
64
0
78
0
81
175
1717
23
1
0
0
61
153
46
287
95
0
1
495
341
0
5
40
21
1012
98
86
242
0
0
1866
133
5
234
74
731
27
250
1
46
0
105
68
28
71
1868
1719
291
0
972
0
0
90
0
98
108
0
715
148
113
92
322
0
220
46
35
22
1795
491
69
52
258
870
3
0
14
307
163
0
396
1
0
678
24
786
4
7
252
409
257
117
93
0
0
0
739
327
0
372
262
5
11
124
0
2012
0
0
14
1
129
30
4
197
0
416
1714
21
11
99
442
0
374
168
0
189
0
288
24
4
869
93
372
0
24
0
40
0
0
0
93
397
354
0
135
642
697
0
736
705
252
1829
59
555
0
0
122
55
14
39
0
697
167
655
26
16
61
5
0
167
730
0
68
27
268
12
127
1789
26
263
44
300
116
0
0
0
58
163
41
2
605
270
105
184
1146
142
2
93
0
157
161
142
0
0
176
120
19
673
46
235
728
878
7
0
732
351
153
5
310
0
0
699
677
0
366
489
81
318
30
278
117
0
717
5
0
144
1
0
72
330
27
46
229
259
804
2
19
414
108
55
52
491
1
100
54
0
92
0
132
46
509
18
86
136
0
0
101
1798
28
189
68
102
156
295
110
0
14
182
1861
46
137
1868
0
220
13
116
68
745
15
72
735
1892
30
7
59
22
67
11
167
194
0
5
15
0
173
459
2
676
46
1
48
0
5
42
0
689
72
52
0
760
0
0
68
715
791
447
15
23
0
352
0
0
178
555
118
66
18
338
1836
31
93
267
0
695
204
4
775
1
0
366
30
19
11
496
184
313
302
10
672
107
45
59
105
0
36
336
46
361
66
15
236
11
118
218
46
173
1481
45
112
13
419
391
28
0
87
274
75
54
20
14
5
13
7
271
289
419
49
455
235
676
30
0
44
0
155
0
0
117
366
249
125
334
88
8
467
0
0
13
16
690
0
0
94
651
0
130
86
5
76
5
12
0
1413
268
906
12
0
1766
50
11
841
33
20
1
14
845
75
0
7
1
214
330
765
0
0
13
5
0
536
166
300
8
812
394
126
0
1
0
630
0
430
24
39
163
132
4
193
0
504
206
338
326
53
895
0
0
97
99
1820
177
28
1085
0
208
82
576
0
167
0
331
36
0
59
47
4
683
1
5
44
113
90
318
191
0
141
23
24
40
756
457
236
28
17
1
0
471
74
743
2
355
5
2
245
128
219
184
492
135
119
128
14
64
75
123
14
0
13
165
0
77
963
79
88
0
46
106
101
807
356
12
14
550
695
91
0
116
175
655
374
82
56
335
61
77
152
0
38
0
5
0
68
13
9
93
28
0
109
0
57
811
641
13
31
323
0
136
99
248
63
599
0
983
55
1469
65
821
633
357
84
179
16
294
66
80
320
767
11
502
163
1327
226
30
779
0
0
57
245
207
1
0
0
0
782
81
0
79
0
0
852
0
4
95
4
296
126
28
786
28
0
38
795
31
0
92
17
188
24
0
0
299
308
28
48
5
956
23
0
0
1418
317
1683
429
627
0
5
20
51
0
11
234
205
125
13
148
8
152
788
213
126
14
0
740
17
780
227
331
573
0
5
0
88
362
0
0
13
91
0
0
258
112
182
1028
63
0
120
55
147
85
101
595
22
75
89
61
6
0
259
30
0
97
8
859
450
0
91
379
0
257
292
80
0
28
0
126
60
46
27
171
74
104
663
499
73
1716
424
1
86
1773
0
12
4
0
30
208
839
228
0
85
295
891
16
46
0
5
101
29
0
34
18
1
319
0
72
42
798
734
65
18
0
0
505
391
698
982
8
761
1874
0
4
0
226
738
0
0
71
2012
685
330
327
4
704
4
35
1701
0
345
126
92
54
5
165
68
101
89
0
0
378
218
57
0
139
622
1893
7
111
0
902
105
0
736
1026
111
802
46
93
79
15
66
0
704
11
79
275
0
14
328
10
0
62
0
0
662
4
92
13
69
0
0
109
0
40
346
0
11
186
695
757
4
11
7
152
184
3
1666
7
299
379
22
86
47
134
969
126
8
502
162
164
679
0
0
487
372
56
0
299
104
5
0
187
299
99
501
445
0
186
10
803
511
377
1793
1918
23
113
331
27
112
0
4
108
111
4
837
979
27
0
20
340
112
121
78
181
482
1276
297
14
5
707
68
12
136
202
246
745
91
14
724
7
0
61
153
351
352
0
443
76
193
186
0
112
371
87
30
83
331
407
0
177
151
723
27
46
0
80
1732
499
5
0
51
15
392
383
250
124
509
14
26
174
30
15
45
160
18
350
320
0
308
114
263
1692
81
459
165
17
98
0
24
1797
100
90
100
755
109
491
59
46
807
751
47
570
7
0
10
7
40
0
570
136
5
352
0
584
761
31
640
8
700
202
37
21
41
415
0
0
54
11
69
261
0
4
126
52
280
0
823
90
163
286
88
60
27
5
78
7
268
157
29
0
14
14
207
779
674
27
1
49
93
0
0
64
7
0
153
119
0
955
100
161
13
24
175
4
48
113
115
111
39
239
4
346
486
0
11
46
86
393
153
385
0
173
2
350
505
51
89
61
73
1547
0
100
718
142
332
102
0
738
1
178
593
11
321
76
22
11
490
579
98
414
7
76
367
715
670
0
1867
1911
156
1918
114
251
0
41
420
298
0
14
0
48
642
434
283
0
771
245
0
578
212
0
28
1817
305
754
337
0
0
81
0
0
156
5
299
0
196
0
761
1818
89
506
765
82
1
101
322
0
51
723
756
5
8
126
5
0
0
0
1906
29
456
69
344
132
5
255
0
91
207
4
0
133
0
2
210
89
23
683
578
456
259
0
78
147
153
130
459
1
115
149
206
23
0
315
0
0
41
4
348
29
244
733
39
1343
44
104
77
131
226
5
124
0
0
0
288
2
135
339
0
13
71
0
805
0
0
335
113
13
12
5
84
1189
0
34
0
13
13
18
0
168
589
109
720
677
0
72
228
61
55
186
355
0
984
1878
7
0
30
138
292
369
0
0
90
97
0
4
0
11
0
159
0
405
10
20
7
30
141
0
99
15
0
674
108
1373
0
174
35
20
57
122
0
744
46
0
123
0
126
11
0
5
504
0
24
288
104
14
0
174
11
28
7
221
418
61
0
335
85
31
30
4
483
28
11
357
1871
77
142
160
4
1
0
265
1259
843
86
4
98
1916
0
80
807
94
0
589
2
1864
416
711
31
31
102
5
7
167
19
886
503
695
98
5
225
5
0
231
13
1045
0
29
703
0
300
45
121
0
653
701
0
77
1
122
11
162
300
5
28
263
13
0
0
46
13
1853
742
249
0
105
215
815
43
334
67
5
0
11
0
0
23
128
154
0
88
863
266
356
742
337
361
721
38
59
28
5
16
2003
77
0
540
31
508
666
14
14
14
96
7
2
459
124
7
0
0
6
112
1074
112
169
0
5
273
119
212
14
98
26
764
40
1625
5
0
0
26
0
660
8
1031
25
0
0
0
485
34
162
0
13
645
1123
0
25
78
794
0
811
27
5
0
805
12
59
23
19
0
12
351
14
712
118
0
29
146
754
864
41
1788
0
328
106
894
323
747
11
422
32
348
118
341
424
2
120
0
0
478
0
1919
1
295
1
197
61
63
242
790
0
356
0
0
0
0
46
0
1725
7
177
0
109
919
0
152
190
20
91
11
7
36
677
4
123
11
11
1042
693
446
64
360
11
365
0
572
33
1365
78
142
125
35
1855
90
248
14
180
714
0
425
294
148
27
576
4
470
984
10
46
347
54
707
13
126
195
0
348
110
196
96
1844
0
118
158
105
405
101
0
270
677
0
1801
0
48
590
90
0
261
226
334
273
112
696
563
0
0
7
177
11
63
0
147
8
29
0
0
297
1913
99
1855
0
0
306
0
121
257
24
35
202
95
850
115
30
0
783
762
341
23
29
771
87
355
827
439
648
0
0
384
0
179
217
124
64
5
257
0
1562
158
72
17
21
71
28
310
16
0
40
386
116
9
0
188
87
583
4
43
13
226
0
13
0
95
0
335
46
1
99
1845
441
51
220
0
0
108
4
350
134
0
123
35
0
0
258
1978
171
5
0
1883
0
11
47
713
110
0
450
428
489
0
69
277
13
297
0
2
297
1711
340
77
1911
7
5
44
337
73
38
1631
132
675
5
179
120
11
82
31
25
39
151
0
14
440
0
743
7
0
1
23
178
212
2
119
0
72
120
179
11
37
0
0
0
70
327
103
34
115
587
221
165
659
1610
850
0
13
218
77
309
77
192
228
104
846
34
59
0
0
0
430
23
0
0
919
619
108
1
1676
263
305
102
381
0
14
319
0
0
457
0
743
271
152
454
1
28
0
402
294
57
0
66
57
122
61
0
98
332
1
620
664
498
107
0
5
333
471
104
342
205
741
380
175
427
40
418
92
61
99
202
737
0
27
17
28
33
28
788
0
116
105
0
472
70
292
491
12
89
280
0
74
31
265
501
182
4
0
2
20
4
1090
308
40
602
540
0
36
5
1753
661
45
0
0
18
0
0
0
383
0
0
0
0
0
246
31
705
505
0
345
329
439
302
11
391
4
18
447
38
64
367
218
349
1914
496
520
79
9
12
0
397
299
1957
151
272
362
216
95
189
252
680
334
383
0
56
0
1904
817
27
5
182
4
175
39
769
69
20
870
237
78
0
1345
136
149
456
498
103
100
287
31
0
11
0
79
32
0
97
14
310
321
29
11
71
104
0
42
72
370
7
19
1
110
0
130
0
60
0
0
7
60
37
0
72
746
420
11
1001
664
137
428
133
797
13
148
9
121
19
0
0
11
4
0
704
1826
28
86
0
0
156
400
1
567
0
682
375
14
0
99
101
11
41
354
114
61
120
160
178
242
20
0
654
40
90
151
315
1649
150
82
0
3
363
27
1943
102
425
4
30
678
746
653
246
0
222
22
510
437
270
11
0
125
181
264
0
190
614
64
223
66
125
31
723
462
78
0
176
900
0
1436
89
885
458
21
0
35
59
31
273
121
182
0
313
748
0
112
28
28
69
61
365
508
363
54
0
14
688
350
479
122
13
703
0
0
2
324
365
1
27
1013
4
0
689
4
1802
284
8
4
0
0
4
668
23
0
117
76
1860
76
4
99
59
81
1576
533
188
143
0
46
0
643
16
703
1
126
109
29
70
49
265
164
0
2
139
740
23
312
58
88
114
0
131
75
45
28
75
757
292
292
14
15
14
52
731
11
823
327
91
12
66
40
52
120
607
30
0
39
40
21
663
0
1792
751
23
0
3
0
64
647
0
11
102
0
335
765
5
111
152
