0
1000 990
696 690
429 677
677 352
206 444
181 609
390 517
754 287
705 107
578 705
747 987
741 765
48 946
717 929
242 334
290 897
821 692
764 560
197 721
619 886
786 258
706 700
702 143
625 264
642 43
585 970
968 929
725 196
209 852
644 243
771 719
870 426
536 780
365 506
328 936
666 235
162 977
917 350
854 844
702 165
246 353
589 746
445 503
516 657
939 245
551 79
131 301
881 723
266 673
430 855
282 160
103 721
574 610
314 478
257 151
814 463
643 46
685 709
488 89
500 589
363 562
258 278
488 380
440 30
933 6
285 261
554 326
22 908
919 628
787 727
722 79
834 682
675 205
111 465
710 76
347 450
277 983
192 997
155 348
205 937
356 471
621 462
35 988
936 882
376 235
612 707
815 896
909 807
374 56
819 204
62 309
160 966
835 819
295 811
83 617
334 725
878 302
425 469
95 859
355 878
323 541
183 530
991 141
973 724
91 314
467 287
672 124
253 625
286 365
800 75
612 749
386 184
912 749
319 777
696 624
170 490
29 617
453 870
323 278
553 735
58 948
725 109
245 227
218 897
88 490
516 206
173 734
995 919
25 147
226 326
854 992
288 833
353 858
900 733
943 323
651 867
43 613
895 473
571 831
567 563
460 425
216 119
81 226
1000 613
884 581
318 392
439 12
838 52
709 780
956 632
894 851
23 715
877 529
447 432
178 524
865 394
796 367
644 277
709 633
855 737
442 313
316 109
694 946
769 75
934 698
419 986
37 260
665 700
528 915
563 601
696 777
801 168
352 611
821 167
494 565
581 253
27 247
952 112
947 492
980 984
819 922
728 440
337 212
702 440
205 997
855 556
540 632
911 923
413 142
436 734
777 682
634 680
355 448
259 245
266 708
176 515
277 575
312 14
35 539
116 698
722 299
976 682
98 244
964 900
438 32
259 260
877 11
623 650
582 519
286 38
826 395
869 377
867 382
102 411
534 445
407 894
475 310
58 682
672 515
840 929
468 467
332 955
930 490
862 626
574 880
721 91
742 892
40 517
295 531
458 694
617 980
81 78
713 544
828 255
68 312
967 932
535 888
581 435
837 8
332 876
865 964
187 801
992 549
555 33
485 438
686 418
78 686
591 897
804 453
758 221
568 268
320 330
721 605
320 329
277 114
578 42
496 361
462 639
827 359
295 268
324 747
906 347
797 432
206 273
769 10
763 581
315 767
40 257
44 663
82 703
965 814
388 167
676 100
207 887
699 67
486 393
329 422
996 195
220 622
671 436
396 199
759 280
121 340
807 250
812 294
560 13
408 801
649 935
85 613
13 378
288 370
633 102
395 572
859 526
28 184
831 742
273 3
76 9
736 781
449 861
234 102
963 682
199 544
917 932
388 888
297 637
799 388
856 745
22 425
613 896
482 335
216 954
315 378
695 171
265 583
23 585
458 852
185 311
772 404
384 448
332 603
438 212
758 471
827 446
719 102
69 378
613 448
312 980
932 556
626 640
810 166
928 22
361 889
992 589
902 598
507 589
455 404
161 459
915 495
342 527
632 159
160 839
318 113
659 427
581 738
518 161
604 827
452 836
743 354
964 534
588 472
932 353
721 803
433 464
294 814
55 12
92 645
398 288
263 837
208 492
602 819
796 818
98 831
305 3
443 441
462 109
687 415
476 486
251 879
562 123
210 62
820 664
299 820
632 941
178 63
877 468
819 923
377 663
912 31
807 283
474 31
574 661
645 894
813 615
398 369
781 744
512 654
471 455
224 64
102 300
814 998
837 202
656 25
27 482
944 257
225 348
381 141
727 724
295 23
680 584
23 486
681 112
798 882
153 893
637 507
274 818
109 157
578 723
235 804
178 172
751 534
790 765
748 727
183 298
56 698
39 574
382 473
929 548
726 933
228 604
604 78
152 671
454 603
859 354
291 354
919 183
773 653
28 310
879 188
615 279
698 519
275 110
494 753
730 458
522 930
695 611
806 115
893 229
378 353
162 770
259 793
773 132
193 569
212 351
178 915
905 82
783 98
65 856
751 235
313 125
188 280
920 570
563 748
641 448
111 16
468 619
957 87
578 131
377 623
372 921
785 449
283 378
188 339
424 890
299 662
217 225
790 982
303 708
205 856
53 659
838 15
382 887
609 179
643 200
523 793
408 412
539 397
134 131
819 413
674 456
229 45
486 7
680 688
953 156
919 261
795 424
483 87
720 488
230 432
816 202
720 188
178 836
195 662
455 489
662 720
157 682
443 305
382 751
678 416
413 687
161 519
456 753
572 401
868 672
304 112
324 99
154 920
607 555
591 2
458 817
379 7
784 557
978 440
216 230
761 220
810 616
293 468
933 99
78 928
157 133
255 697
594 889
115 773
99 545
323 600
776 472
77 978
593 217
118 51
261 15
470 419
93 357
611 208
665 239
241 658
667 144
327 100
616 372
283 193
199 128
502 388
982 868
239 114
784 224
553 349
303 678
254 658
55 768
144 793
595 222
98 595
115 267
477 121
10 312
775 941
112 770
839 701
112 138
558 150
750 449
38 123
98 998
15 470
213 134
329 868
108 655
349 863
803 872
873 265
231 903
720 989
220 480
904 649
67 678
240 381
656 357
776 2
185 161
408 752
230 313
312 514
270 210
351 102
860 305
714 272
252 788
701 217
161 903
199 106
306 99
671 751
293 57
607 903
559 271
623 527
133 856
149 654
78 274
9 230
232 678
779 701
511 310
329 522
193 433
410 784
327 493
907 637
21 80
49 84
113 199
998 914
474 626
798 154
732 691
679 502
123 274
836 480
409 230
409 688
906 697
527 338
714 768
849 975
629 179
325 39
138 291
860 938
679 379
208 307
755 752
357 600
82 793
751 275
199 926
371 482
409 336
775 456
275 398
296 133
863 274
748 401
504 341
117 756
659 655
130 738
608 750
950 379
683 781
271 57
953 548
17 381
454 779
691 641
130 482
511 598
122 338
201 193
375 45
522 434
752 808
398 712
136 210
638 127
366 489
279 149
594 631
849 115
620 252
687 924
542 307
397 596
474 511
697 202
140 600
999 381
817 645
829 631
978 945
336 793
179 514
36 149
944 483
704 49
944 470
477 333
829 910
668 691
169 51
138 451
958 403
254 120
949 978
80 271
149 669
457 341
532 351
898 873
317 39
296 470
410 200
697 901
798 940
953 400
748 817
16 104
891 704
938 825
907 366
660 871
375 372
136 989
59 470
375 331
974 256
863 271
505 99
959 522
999 924
135 817
914 213
573 511
104 74
424 704
537 150
366 872
2 808
198 4
638 105
655 70
760 200
169 740
830 904
129 842
607 981
782 599
843 480
239 949
714 825
256 962
618 470
842 794
718 233
660 201
782 140
959 428
606 140
239 913
19 317
537 808
514 94
96 841
561 924
648 431
477 552
587 901
86 130
655 543
913 950
232 74
338 399
420 101
344 789
420 336
926 712
985 493
74 691
994 904
731 120
511 913
766 971
849 774
532 74
317 648
606 579
321 775
252 213
670 863
718 400
757 201
451 360
135 136
256 366
925 760
808 145
547 940
96 925
850 451
926 985
252 606
683 960
547 4
509 542
214 561
718 269
580 913
805 499
901 779
498 191
403 636
704 711
509 525
177 808
794 994
169 669
399 757
194 368
505 596
969 47
910 94
256 373
375 972
960 825
177 985
136 189
635 428
857 479
86 805
638 990
169 117
990 383
985 648
543 608
169 985
406 990
521 718
223 805
54 802
766 498
864 368
635 238
73 248
423 248
802 214
457 990
420 169
729 901
850 497
387 684
505 901
979 47
898 358
497 636
802 501
223 505
552 899
321 689
457 508
731 981
916 215
399 845
832 606
916 618
256 148
508 843
981 552
74 481
26 481
972 174
345 50
794 94
60 126
689 794
525 547
405 577
262 789
525 875
597 546
960 774
71 614
635 670
766 189
979 41
203 420
508 223
925 636
508 525
552 874
521 346
508 543
636 564
189 774
670 389
546 847
146 580
824 711
774 479
883 689
670 931
24 508
358 203
236 90
423 832
387 652
647 479
368 421
174 262
262 521
824 479
148 832
414 822
916 308
41 521
414 792
592 809
20 71
126 41
778 520
689 646
802 249
513 18
146 823
358 918
885 20
853 845
50 481
847 41
24 874
249 402
385 164
564 385
832 481
847 405
237 405
513 364
874 308
792 481
566 824
566 792
158 566
402 163
186 5
146 292
491 186
421 931
487 513
417 308
219 716
652 417
146 586
513 158
853 809
484 993
693 237
211 484
61 848
90 927
942 421
778 942
576 927
72 646
72 809
137 716
513 276
951 885
61 918
630 437
385 61
417 180
237 951
385 182
276 630
163 466
630 186
576 186
417 281
289 362
533 72
576 322
942 716
289 586
484 182
942 190
284 951
533 576
281 533
846 175
182 190
550 190
510 846
590 533
466 284
289 34
284 139
34 533
190 34
961 97
139 866
627 846
866 66
627 97
34 627
627 66
762 739
343 739
461 627
343 391
461 538
461 391
391 791
1 791
1 423
1 874
1 77
1 90
1 914
1 950
1 220
1 543
1 190
1 913
1 595
1 846
1 618
1 659
1 149
1 839
1 357
1 751
1 953
1 67
1 101
1 477
1 774
1 757
1 548
1 231
1 933
1 913
1 381
1 916
1 925
1 108
1 942
1 916
1 7
1 254
1 45
1 270
1 522
1 683
1 545
1 904
1 874
1 773
1 112
1 836
1 2
1 51
1 537
1 792
1 802
1 122
1 498
1 269
1 21
1 182
1 458
1 325
1 849
1 248
1 202
1 659
1 224
1 659
1 978
1 10
1 289
1 343
1 366
1 873
1 940
1 513
1 998
1 907
1 576
1 115
1 942
1 296
1 753
1 960
1 579
1 802
1 773
1 701
1 399
1 755
1 656
1 345
1 521
1 739
1 138
1 649
1 456
1 830
1 577
1 281
1 491
1 66
1 586
1 794
1 51
1 521
1 276
1 90
1 655
1 931
1 626
1 105
1 360
1 338
1 559
1 697
1 620
1 712
1 704
1 468
1 423
1 773
1 889
1 853
1 810
1 972
1 440
1 403
1 106
1 773
1 317
1 687
1 216
1 203
1 631
1 697
1 4
1 456
1 750
1 149
1 999
1 592
1 832
1 738
1 127
1 210
1 899
1 550
1 364
1 659
1 504
1 630
1 136
1 127
1 414
1 175
1 157
1 98
1 579
1 130
1 305
1 149
1 720
1 654
1 740
1 239
1 848
1 687
1 419
1 714
1 794
1 19
1 401
1 566
1 423
1 809
1 714
1 580
1 792
1 398
1 472
1 803
1 849
1 139
1 346
1 383
1 163
1 174
1 189
1 546
1 403
1 626
1 150
1 614
1 907
1 885
1 336
1 454
1 527
1 561
1 100
1 289
1 51
1 645
1 112
1 198
1 579
1 269
1 84
1 731
1 310
1 366
1 15
1 928
1 120
1 158
1 684
1 525
1 284
1 875
1 950
1 360
1 182
1 679
1 499
1 248
1 312
1 839
1 357
1 697
1 538
1 115
1 864
1 73
1 97
1 665
1 16
1 344
1 54
1 276
1 655
1 824
1 233
1 117
1 848
1 122
1 126
1 402
1 793
1 883
1 913
1 305
1 136
1 164
1 989
1 84
1 479
1 683
1 177
1 593
1 275
1 969
1 149
1 362
1 96
1 238
1 461
1 97
1 962
1 942
1 927
1 627
1 303
1 684
1 177
1 275
1 401
1 875
1 349
1 117
1 924
1 591
1 916
1 331
1 240
1 998
1 383
1 942
1 55
1 82
1 379
1 944
1 217
1 139
1 779
1 157
1 857
1 993
1 122
1 10
1 358
1 924
1 55
1 61
1 106
1 555
1 842
1 525
1 420
1 596
1 149
1 849
1 163
1 233
1 284
1 944
1 391
1 808
1 808
1 303
1 313
1 778
1 70
1 136
1 931
1 545
1 590
1 537
1 417
1 371
1 646
1 545
1 774
1 738
1 510
1 576
1 454
1 597
1 538
1 397
1 648
1 138
1 853
1 366
1 185
1 405
1 626
1 656
1 766
1 20
1 906
1 78
1 94
1 731
1 558
1 542
1 928
1 616
1 51
1 755
1 474
1 145
1 641
1 839
1 792
1 201
1 631
1 185
1 738
1 202
1 174
1 186
1 591
1 729
1 387
1 272
1 126
1 672
1 752
1 364
1 41
1 201
1 687
1 847
1 317
1 223
1 60
1 146
1 823
1 351
1 803
1 70
1 510
1 817
1 491
1 71
1 538
1 655
1 755
1 926
1 656
1 323
1 841
1 305
1 94
1 4
1 857
1 20
1 561
1 768
1 284
1 74
1 55
1 403
1 874
1 383
1 474
1 940
1 71
1 70
1 510
1 942
1 61
1 61
1 958
1 100
1 60
1 214
1 542
1 97
1 120
1 761
1 210
1 933
1 140
1 687
1 437
1 449
1 313
1 19
1 864
1 372
1 514
1 525
1 555
1 600
1 497
1 945
1 784
1 140
1 126
1 102
1 522
1 458
1 668
1 121
1 303
1 149
1 611
1 190
1 73
1 704
1 379
1 34
1 417
1 236
1 434
1 564
1 78
1 774
1 136
1 481
1 623
1 989
1 509
1 701
1 580
1 683
1 400
1 409
1 241
1 73
1 875
1 479
1 47
1 595
1 78
1 611
1 782
1 755
1 489
1 104
1 776
1 373
1 59
1 388
1 410
1 614
1 385
2 205
2 748
2 581
2 632
2 155
2 871
2 333
2 907
2 841
2 44
2 130
2 206
2 363
2 800
2 842
2 466
2 313
2 644
2 869
2 281
2 753
2 92
2 118
2 532
2 16
2 310
2 822
2 976
2 963
2 306
2 869
2 520
2 405
2 450
2 151
2 559
2 320
2 483
2 817
2 160
2 879
2 946
2 718
2 593
2 97
2 559
2 58
2 409
2 202
2 278
2 42
2 954
2 369
2 159
2 837
2 384
2 820
2 658
2 711
2 783
2 315
2 579
2 302
2 720
2 380
2 452
2 630
2 52
2 287
2 447
2 563
2 517
2 392
2 280
2 109
2 841
2 190
2 518
2 601
2 391
2 795
2 642
2 696
2 163
2 153
2 885
2 898
2 972
2 542
2 608
2 106
2 857
2 538
2 407
2 928
2 918
2 211
2 557
2 969
2 497
2 3
2 531
2 365
2 747
2 163
2 473
2 939
2 352
2 990
2 539
2 95
2 136
2 181
2 790
2 650
2 685
2 674
2 547
2 656
2 568
2 506
2 762
2 776
2 43
2 520
2 703
2 312
2 730
2 611
2 632
2 578
2 614
2 163
2 294
2 712
2 325
2 766
2 650
2 676
2 107
2 188
2 770
2 242
2 720
2 912
2 891
2 404
2 937
2 789
2 412
2 856
2 294
2 525
2 983
2 689
2 396
2 685
2 1000
2 126
2 648
2 632
2 55
2 613
2 146
2 349
2 324
2 822
2 466
2 973
2 849
2 573
2 512
2 971
2 166
2 584
2 234
2 409
2 339
2 170
2 549
2 750
2 378
2 843
2 626
2 360
2 883
2 22
2 397
2 882
2 499
2 44
2 865
2 905
2 656
2 10
2 253
2 331
2 831
2 71
2 655
2 32
2 995
2 518
2 2
2 160
2 101
2 235
2 920
2 440
2 756
2 469
2 541
2 133
2 663
2 519
2 845
2 545
2 540
2 241
2 778
2 390
2 636
2 995
2 294
2 643
2 4
2 899
2 973
2 187
2 969
2 627
2 570
2 963
2 144
2 571
2 474
2 597
2 157
2 746
2 388
2 912
2 566
2 280
2 397
2 580
2 798
2 241
2 124
2 689
2 833
2 253
2 430
2 468
2 247
2 724
2 110
2 603
2 974
2 434
2 141
2 294
2 412
2 710
2 256
2 907
2 280
2 81
2 503
2 436
2 178
2 242
2 699
2 743
2 522
2 95
2 322
2 671
2 687
2 797
2 360
2 519
2 402
2 789
2 986
2 1000
2 864
2 447
2 602
2 837
2 880
2 94
2 482
2 291
2 803
2 737
2 198
2 434
2 170
2 52
2 221
2 699
2 294
2 272
2 442
2 815
2 366
2 115
2 837
2 405
2 912
2 196
2 923
2 665
2 337
2 261
2 664
2 552
2 707
2 618
2 741
2 939
2 711
2 222
2 581
2 514
2 311
2 130
2 299
2 480
2 182
2 872
2 530
2 827
2 143
2 971
2 993
2 860
2 86
2 829
2 264
2 349
2 377
2 187
2 13
2 713
2 799
2 28
2 264
2 857
2 645
2 4
2 795
2 356
2 226
2 728
2 221
2 888
2 857
2 519
2 367
2 390
2 742
2 248
2 216
2 884
2 219
2 560
2 744
2 656
2 389
2 7
2 356
2 765
2 545
2 720
2 829
2 695
2 747
2 92
2 552
2 392
2 448
2 698
2 747
2 25
2 425
2 319
2 912
2 634
2 189
2 630
2 23
2 931
2 877
2 591
2 814
2 447
2 150
2 909
2 454
2 890
2 268
2 809
2 654
2 164
2 880
2 482
2 859
2 627
2 926
2 410
2 18
2 725
2 107
2 116
2 101
2 884
2 434
2 12
2 517
2 622
2 993
2 539
2 904
2 221
2 129
2 70
2 668
2 631
2 978
2 473
2 520
2 597
2 282
2 174
2 761
2 161
2 7
2 971
2 139
2 284
2 380
2 156
2 8
2 838
2 623
2 108
2 721
2 408
2 471
2 237
2 382
2 815
2 128
2 285
2 36
2 256
2 354
2 55
2 238
2 684
2 527
2 758
2 632
2 808
2 283
2 744
2 321
2 641
2 714
2 459
2 925
2 445
2 967
2 284
2 283
2 941
2 744
2 355
2 349
2 214
2 592
2 82
2 29
2 71
2 366
2 416
2 678
2 72
2 470
2 916
2 107
2 996
2 25
2 738
