823484649
764343533
651835500
715094576
119020648
289027001
941905681
192818743
321998314
588313608
528888879
984398426
829898634
687946271
547151133
764396371
972850902
137956337
178382863
617802339
454337259
20880358
629380994
180733614
339927896
987911446
26240759
842902394
842902394
875297732
178382863
224258368
685146176
366657469
243301236
986414393
644206563
364951854
62641073
570789414
850098807
814988604
190739286
476082593
377114535
986414393
421451197
617342578
156128508
518021676
621695343
640102784
526249266
715094576
52042836
11295851
377821692
724365341
192614817
464081463
387477452
362519600
252385051
811324338
270441446
200216146
462473669
198577795
77802997
307354666
920277413
60825309
300196966
850098807
266109238
321998314
795822582
545933823
920277413
332748118
431986382
300602891
315487900
881320363
282743092
88424732
762079201
63579763
911536158
767022496
202543513
96307411
776412278
339708237
597763617
579497793
310256810
822030080
762957145
466872761
915168791
246759679
706596835
218824433
881320363
944398843
307354666
191694508
799446395
671841627
368080095
501128582
94208883
606489937
535148589
537767649
908674517
549885307
357947452
622502016
706596835
831870295
210499707
300602891
224258368
256567763
512348401
265221357
383389016
715094576
621695343
521228363
881320363
40489826
108508357
356861087
335423324
535148589
830064533
809969848
701953261
263246430
709847775
811324338
330164891
297714793
614445663
823484649
127159524
805829373
299205537
40489826
651411568
275912674
384231646
202543511
537767649
601205782
28547759
217016713
715094576
249784024
601205782
756539818
475462255
437648866
26240759
764396371
959260883
673521854
967245631
827355890
335423324
105308366
768386665
231872835
617342578
701953261
858942084
16542543
882633425
774954904
803700958
107471738
909682423
384231647
199254539
345438901
295384864
178600214
588313608
863396976
256567763
357947452
755296378
325917750
265456030
154693821
521228361
633072337
709162086
199470358
545933823
420999413
570789414
564861434
890553333
147692432
256148985
629380993
731914415
37798999
198577795
588313608
181977941
422528490
875297735
715094576
724365342
224258368
60825309
933745521
199470358
40489826
968723709
774064831
829228337
959260883
268609791
762957145
754229067
147692432
842902394
384851644
154693821
322415211
114191031
66192599
49627629
726271991
330164891
157444548
850098807
345438901
378269910
590769728
724365342
475905132
384231646
175416422
325917750
424007594
311211988
190891654
959260883
840912658
821624743
544305580
162430740
934841172
40489826
805829373
729638176
544305580
192818743
850098807
597763616
593702222
593702222
638989841
709847775
771274967
105995932
162430739
368080095
558462258
189160091
327345937
307354666
909682423
181977941
440660182
127159524
595733385
601205782
160751234
307354666
73643905
52042836
588337448
697515540
381783308
317987796
96409372
424007594
774064832
162430740
858942084
198577795
204815221
771274967
40489826
891737
972850902
300602891
385637484
168380464
52042836
685146176
330164891
421451197
535944129
604528520
130997552
797881432
377821692
829228336
332102311
161090143
802367145
307354666
192614817
731162909
651835500
565253298
772089089
528888879
755643384
600648437
930770430
192818742
399238237
576500516
85382995
335423324
310256811
499790978
588422283
174378885
162958875
475462255
178382863
268609791
387477452
600393932
726271991
493955723
162958875
96307411
20880358
774064831
431986382
409630442
298881808
256148985
204815221
862258172
96307411
181977941
246603598
60825309
576469087
612080687
640102784
651835500
482253696
193738726
500459780
357947452
808964977
818954161
409630442
802367145
875297735
811324338
174378885
191694508
218824433
20880358
829228336
300196966
11295851
794177750
218824433
178973726
731914415
946463700
330164891
768386665
8025618
462473669
987038716
241126849
436485447
709621884
80979652
307354666
814871737
958843389
645005133
431986382
622502016
691869605
827355890
482253697
588337448
381783308
368080095
754229067
217016713
469601533
944667285
421451197
809969848
794177750
564861434
651835500
162430740
124892012
60825309
200216146
310256811
671841627
348757770
204815221
547151133
633072340
90366808
586311620
26351586
944398843
224258368
114191031
570789414
127159525
200216147
545933823
818954161
335423324
593400811
530548389
270441446
530912058
52042836
198577795
535148589
633072338
218930745
805829373
409630442
58949821
890553333
300602891
202543511
797881432
656467426
544305580
105995932
249784024
602403111
225783465
607201413
204815221
715094576
264753885
880041461
500459780
192115823
45183404
891736
545933823
643996625
593702222
547556858
530548389
880041461
863889598
500459780
504770102
475462255
901005071
691869606
256567763
500591757
521228361
385637484
544305580
544305580
79120108
193222416
322180285
809969848
135220723
178973726
264444441
