100
21 82 57 21 22 38 71 13 94 89 92 100 50 90 47 80 69 8 41 4 46 83 
26 77 10 9 79 7 20 75 50 70 72 94 93 41 32 15 28 74 86 60 39 31 26 19 5 35 22 
27 23 40 5 72 98 41 33 24 45 38 91 46 43 56 99 12 85 59 19 18 65 84 71 32 68 81 58 
26 10 79 63 97 100 92 73 85 48 68 33 55 61 46 11 29 16 18 23 9 93 20 70 77 71 76 
25 72 10 22 44 50 63 20 88 98 53 49 62 11 95 41 59 37 94 17 6 73 86 18 78 93 
30 62 53 37 13 82 34 96 64 65 29 80 18 47 93 58 95 63 76 33 46 52 15 36 79 28 25 71 100 8 90 
30 29 18 24 93 90 73 59 34 78 50 42 70 28 33 83 56 12 82 51 47 54 26 32 66 91 75 76 53 10 61 
21 97 39 53 10 77 70 98 86 9 28 49 87 45 92 78 52 83 32 63 19 75 
24 18 95 51 69 86 13 79 80 57 78 10 29 84 77 61 76 98 45 97 55 47 15 87 44 
23 82 86 36 30 73 76 63 55 54 45 16 43 24 97 53 94 40 64 91 78 25 93 74 
22 45 82 79 70 86 20 19 96 52 89 30 49 12 73 98 27 36 24 23 50 77 22 
16 25 64 14 91 29 67 59 13 63 78 42 99 19 68 17 100 
23 19 70 21 76 55 69 71 35 96 36 90 80 54 66 41 23 87 34 47 33 88 78 100 
22 40 24 72 16 33 87 70 54 99 80 62 31 28 89 68 50 71 36 38 42 19 83 
20 98 71 33 94 59 48 70 92 60 23 90 61 58 18 57 52 79 22 46 54 
15 88 25 61 42 32 73 95 50 92 85 54 86 30 72 19 
20 65 64 74 29 33 32 36 24 47 55 54 45 50 70 40 85 35 100 83 99 
25 19 77 61 29 58 96 41 20 95 69 83 64 42 76 50 39 71 87 43 90 40 46 44 99 53 
21 29 21 70 30 38 25 66 22 40 91 26 34 77 58 72 96 41 62 76 100 39 
21 74 67 76 62 29 70 86 95 61 59 30 89 77 90 100 97 87 57 88 54 93 
21 87 45 54 56 95 61 71 83 62 79 66 100 59 28 44 24 67 91 75 27 82 
15 72 52 91 82 62 58 100 45 44 31 33 76 50 38 23 
16 59 95 43 73 70 94 75 66 81 93 36 47 26 27 28 34 
17 74 87 63 50 51 25 46 31 65 64 49 81 75 37 47 69 30 
13 33 30 83 70 91 95 39 31 48 68 84 35 80 
19 97 30 82 42 94 50 98 56 63 48 69 47 38 43 40 86 51 39 46 
19 74 30 59 47 83 75 76 89 67 48 49 51 31 92 65 71 90 91 69 
26 91 52 62 29 41 54 59 47 85 58 71 56 93 96 94 75 38 74 90 36 35 44 98 97 63 77 
18 30 43 81 38 50 59 91 41 61 51 55 94 99 67 44 87 80 53 
19 36 60 59 91 98 83 99 33 48 64 61 39 69 94 82 66 49 86 81 
17 34 41 65 79 45 40 88 91 99 85 97 51 69 62 67 46 84 
19 36 78 83 35 86 75 89 54 33 62 91 71 92 64 93 85 57 34 52 
16 73 57 36 87 56 86 98 37 95 85 45 74 59 65 40 50 
19 92 98 56 61 67 83 59 44 97 40 96 51 68 55 53 41 82 48 36 
10 48 66 82 43 69 86 93 62 39 37 
17 56 80 42 48 94 57 47 38 81 85 62 63 44 95 77 96 75 
15 44 84 52 57 91 40 67 49 89 51 66 62 88 98 86 
13 57 68 96 74 80 83 41 65 84 49 56 61 63 
16 97 61 58 69 76 70 41 85 54 98 87 73 92 50 42 90 
12 85 94 82 80 68 86 73 43 51 52 74 49 
17 97 91 63 62 64 95 73 89 60 72 82 84 79 90 96 47 93 
10 63 76 44 90 57 56 50 87 83 62 
14 98 58 75 65 80 49 79 56 66 91 59 95 90 57 
12 63 70 47 71 72 52 85 73 49 91 59 55 
15 63 54 58 98 68 49 66 91 99 62 93 51 75 77 74 
13 72 86 96 94 91 100 84 90 55 58 65 50 52 
18 90 86 97 56 98 69 65 67 78 62 58 80 83 76 49 88 64 82 
18 50 97 85 87 78 62 80 84 90 96 59 65 63 55 58 69 52 70 
16 74 63 56 83 67 76 92 78 58 80 53 71 86 94 79 57 
12 74 76 89 55 85 99 95 96 77 59 70 87 
9 83 57 94 68 75 70 69 66 54 
10 84 71 98 59 55 69 58 95 72 91 
7 84 69 54 87 97 95 98 
13 62 63 66 81 71 91 75 69 82 76 92 72 78 
10 83 64 67 77 97 73 75 88 62 100 
14 81 74 88 99 83 76 84 96 95 57 90 63 67 94 
11 96 84 90 59 76 62 69 79 91 83 98 
14 88 65 64 93 62 71 83 95 60 94 68 92 61 97 
7 84 64 80 65 94 69 95 
3 91 100 79 
7 78 64 67 81 85 99 65 
3 85 97 87 
7 73 86 69 70 76 66 65 
9 89 100 86 83 70 76 65 81 78 
8 76 75 66 78 86 81 96 99 
12 70 82 98 80 72 74 88 67 99 93 94 69 
7 79 83 96 85 95 97 77 
8 71 80 83 73 87 99 85 96 
7 78 83 77 99 95 75 79 
5 97 86 76 75 78 
9 99 86 92 76 79 77 96 94 85 
3 85 98 83 
8 77 80 79 95 76 88 97 94 
4 76 100 94 82 
5 90 88 86 91 84 
6 82 99 90 92 88 93 
7 82 95 94 86 78 89 83 
6 86 99 91 94 89 80 
4 85 99 95 89 
8 100 81 92 90 84 95 83 98 
7 94 88 96 97 83 98 92 
6 83 99 91 93 97 96 
3 89 93 97 
4 92 89 99 90 
4 91 89 93 86 
7 92 88 95 93 98 90 96 
5 99 92 96 88 95 
2 100 94 
5 97 95 91 100 93 
2 95 98 
2 94 96 
2 100 96 
1 96 
1 98 
2 96 98 
1 98 
0 
0 
0 
0 
